  0.0   1.6149883778E-016   8.5348032000E+001   1.0000000000E+000   4.6826472059E-002   0.0000000000E+000   0.0000000000E+000
  4.0   1.4811566251E-016   9.9999999997E-001   9.9999999997E-001   4.6819466305E-002   6.2957084019E-051   2.4264791323E-033
  8.0  -2.6557328078E-017   9.9999999993E-001   9.9999999993E-001   4.6819466289E-002   3.4224456138E-047   5.1828570217E-033
 12.0  -6.0574434598E-016   9.9999999990E-001   9.9999999990E-001   4.6819466273E-002   9.6788180041E-042   1.1863227969E-032
 16.0  -2.0770866635E-015   9.9999999986E-001   9.9999999986E-001   4.6819466258E-002   2.7752340788E-038   2.4034245238E-031
 20.0  -5.3509836315E-015   9.9999999983E-001   9.9999999983E-001   4.6819466242E-002   1.0146256877E-035   2.2068578065E-030
 24.0  -1.2018238120E-014   9.9999999980E-001   9.9999999979E-001   4.6819466226E-002   1.0137073415E-033   1.3422958918E-029
 28.0  -2.4674101295E-014   9.9999999976E-001   9.9999999976E-001   4.6819466210E-002   3.8212919777E-032   6.5786598748E-029
 32.0  -4.7226666617E-014   9.9999999973E-001   9.9999999973E-001   4.6819466194E-002   6.5523001338E-031   2.7987999738E-028
 36.0  -8.4957902535E-014   9.9999999969E-001   9.9999999969E-001   4.6819466178E-002   5.9098689528E-030   1.0606178086E-027
 40.0  -1.4381769117E-013   9.9999999966E-001   9.9999999966E-001   4.6819466162E-002   3.2641667236E-029   3.6052487395E-027
 44.0  -2.2792526874E-013   9.9999999962E-001   9.9999999962E-001   4.6819466146E-002   1.2820688760E-028   1.0961361782E-026
 48.0  -3.3343349602E-013   9.9999999959E-001   9.9999999959E-001   4.6819466130E-002   3.8908313148E-028   2.9472816832E-026
 52.0  -4.3569540064E-013   9.9999999956E-001   9.9999999956E-001   4.6819466114E-002   9.2544843516E-028   6.8424074321E-026
 56.0  -4.6504801117E-013   9.9999999952E-001   9.9999999952E-001   4.6819466098E-002   1.6772426401E-027   1.3074303460E-025
 60.0  -2.6467720599E-013   9.9999999949E-001   9.9999999949E-001   4.6819466082E-002   2.1292272775E-027   1.8759337520E-025
 64.0   4.7746918746E-013   9.9999999945E-001   9.9999999945E-001   4.6819466067E-002   2.4093500437E-027   1.9753495331E-025
 68.0   2.3305920577E-012   9.9999999942E-001   9.9999999942E-001   4.6819466051E-002   1.3913930367E-026   6.5592701027E-025
 72.0   6.2603613509E-012   9.9999999939E-001   9.9999999938E-001   4.6819466035E-002   1.1329243490E-025   5.9621609099E-024
 76.0   1.3796648812E-011   9.9999999935E-001   9.9999999935E-001   4.6819466019E-002   6.7505396788E-025   3.8970333594E-023
 80.0   2.7193404285E-011   9.9999999932E-001   9.9999999932E-001   4.6819466003E-002   3.3558917968E-024   1.9195917019E-022
 84.0   4.9493597753E-011   9.9999999928E-001   9.9999999928E-001   4.6819465987E-002   1.4999038846E-023   7.7902067732E-022
 88.0   8.4326998738E-011   9.9999999925E-001   9.9999999925E-001   4.6819465971E-002   6.1938968240E-023   2.7353499937E-021
 92.0   1.3513828609E-010   9.9999999921E-001   9.9999999921E-001   4.6819465955E-002   2.4213801068E-022   8.5085691398E-021
 96.0   2.0336126105E-010   9.9999999918E-001   9.9999999918E-001   4.6819465939E-002   8.7559262701E-022   2.3626582913E-020
100.0   2.8482808635E-010   9.9999999915E-001   9.9999999915E-001   4.6819465923E-002   2.7598207829E-021   5.8581367452E-020
104.0   3.6346243715E-010   9.9999999911E-001   9.9999999911E-001   4.6819465907E-002   7.4263879260E-021   1.2856645743E-019
108.0   4.0112824782E-010   9.9999999908E-001   9.9999999908E-001   4.6819465891E-002   1.6814997721E-020   2.4394393660E-019
112.0   3.2253449541E-010   9.9999999904E-001   9.9999999904E-001   4.6819465875E-002   3.0250723570E-020   3.8255321584E-019
116.0  -5.4345202871E-012   9.9999999901E-001   9.9999999901E-001   4.6819465860E-002   3.8572687465E-020   4.5631946813E-019
120.0  -7.9934174727E-010   9.9999999898E-001   9.9999999897E-001   4.6819465844E-002   3.0920028702E-020   4.1368169354E-019
124.0  -2.3866667857E-009   9.9999999894E-001   9.9999999894E-001   4.6819465828E-002   1.0297601354E-019   1.0660704571E-018
128.0  -5.2277867204E-009   9.9999999891E-001   9.9999999891E-001   4.6819465812E-002   9.9108908831E-019   7.4383358425E-018
132.0  -9.9186892141E-009   9.9999999887E-001   9.9999999887E-001   4.6819465796E-002   5.9485030438E-018   3.9118113849E-017
136.0  -1.7151754813E-008   9.9999999884E-001   9.9999999884E-001   4.6819465780E-002   2.6115154183E-017   1.5676958239E-016
140.0  -2.7600954222E-008   9.9999999880E-001   9.9999999880E-001   4.6819465764E-002   9.3332532351E-017   5.1962447140E-016
144.0  -4.1686032981E-008   9.9999999877E-001   9.9999999877E-001   4.6819465747E-002   2.8578896138E-016   1.4889031118E-015
148.0  -5.9160538741E-008   9.9999999874E-001   9.9999999874E-001   4.6819465731E-002   7.6864089648E-016   3.7702426184E-015
152.0  -7.8465754864E-008   9.9999999870E-001   9.9999999870E-001   4.6819465715E-002   1.8350387382E-015   8.5126237987E-015
156.0  -9.5803989928E-008   9.9999999867E-001   9.9999999867E-001   4.6819465699E-002   3.8919322058E-015   1.7124844264E-014
160.0  -1.0391979727E-007   9.9999999863E-001   9.9999999863E-001   4.6819465682E-002   7.2635784949E-015   3.0373587232E-014
164.0  -9.0647607870E-008   9.9999999860E-001   9.9999999860E-001   4.6819465667E-002   1.1651479008E-014   4.6385563336E-014
168.0  -3.7399536266E-008   9.9999999857E-001   9.9999999856E-001   4.6819465652E-002   1.5274683557E-014   5.8378117621E-014
172.0   8.2065501280E-008   9.9999999853E-001   9.9999999853E-001   4.6819465638E-002   1.4663966231E-014   5.7188441539E-014
176.0   3.0203279009E-007   9.9999999850E-001   9.9999999850E-001   4.6819465627E-002   8.6506513627E-015   5.4052706380E-014
180.0   6.6357400162E-007   9.9999999846E-001   9.9999999846E-001   4.6819465618E-002   1.5466014500E-014   1.5866832660E-013
184.0   1.2105871846E-006   9.9999999843E-001   9.9999999843E-001   4.6819465614E-002   1.2037502271E-013   7.7540890206E-013
188.0   1.9819090297E-006   9.9999999839E-001   9.9999999839E-001   4.6819465613E-002   5.8022781218E-013   3.0029000394E-012
192.0   2.9982700139E-006   9.9999999835E-001   9.9999999836E-001   4.6819465618E-002   2.0108221191E-012   9.2997290362E-012
196.0   4.2431489868E-006   9.9999999830E-001   9.9999999833E-001   4.6819465627E-002   5.6533169281E-012   2.4339227637E-011
200.0   5.6372927588E-006   9.9999999822E-001   9.9999999829E-001   4.6819465638E-002   1.3625984656E-011   5.5628751455E-011
204.0   7.0079172300E-006   9.9999999812E-001   9.9999999826E-001   4.6819465647E-002   2.8902058261E-011   1.1289141948E-010
208.0   8.0554651660E-006   9.9999999796E-001   9.9999999822E-001   4.6819465650E-002   5.4536175326E-011   2.0462078452E-010
212.0   8.3232242643E-006   9.9999999777E-001   9.9999999819E-001   4.6819465639E-002   9.1573784680E-011   3.3038287867E-010
216.0   7.1779124832E-006   9.9999999755E-001   9.9999999815E-001   4.6819465606E-002   1.3545837696E-010   4.6984280996E-010
220.0   3.8121157908E-006   9.9999999737E-001   9.9999999812E-001   4.6819465543E-002   1.7224192683E-010   5.7625562457E-010
224.0  -2.7184121104E-006   9.9999999731E-001   9.9999999809E-001   4.6819465441E-002   1.7904870849E-010   5.9482406263E-010
228.0  -1.3408946579E-005   9.9999999737E-001   9.9999999805E-001   4.6819465290E-002   1.3819161790E-010   5.4368390474E-010
232.0  -2.9159673296E-005   9.9999999723E-001   9.9999999802E-001   4.6819465072E-002   7.9515742712E-011   7.0956558252E-010
236.0  -5.0562678206E-005   9.9999999581E-001   9.9999999798E-001   4.6819464748E-002   1.6680067527E-010   2.0037139296E-009
240.0  -7.7624807379E-005   9.9999999065E-001   9.9999999795E-001   4.6819464252E-002   8.3418204649E-010   6.4686433438E-009
244.0  -1.0944275406E-004   9.9999997717E-001   9.9999999792E-001   4.6819463486E-002   2.9492604695E-009   1.7795681671E-008
248.0  -1.4386390920E-004   9.9999994844E-001   9.9999999788E-001   4.6819462353E-002   7.9280330735E-009   4.1509940529E-008
252.0  -1.7718551503E-004   9.9999989591E-001   9.9999999785E-001   4.6819460841E-002   1.7662014506E-008   8.4274946712E-008
256.0  -2.0396253132E-004   9.9999981201E-001   9.9999999781E-001   4.6819459188E-002   3.4076922762E-008   1.5172784652E-007
260.0  -2.1700730901E-004   9.9999969497E-001   9.9999999778E-001   4.6819458114E-002   5.8181399236E-008   2.4463063129E-007
264.0  -2.0766691449E-004   9.9999955491E-001   9.9999999774E-001   4.6819459041E-002   8.8664632589E-008   3.5417475353E-007
268.0  -1.6645202595E-004   9.9999941813E-001   9.9999999771E-001   4.6819464165E-002   1.2049031663E-007   4.5909131794E-007
272.0  -8.4061023569E-005   9.9999932387E-001   9.9999999768E-001   4.6819476137E-002   1.4448327093E-007   5.2932497589E-007
276.0   4.7207285775E-005   9.9999930599E-001   9.9999999764E-001   4.6819497169E-002   1.4939744303E-007   5.4225587800E-007
280.0   2.3172707114E-004   9.9999935352E-001   9.9999999761E-001   4.6819527494E-002   1.2804791533E-007   5.1603777301E-007
284.0   4.6865991761E-004   9.9999935052E-001   9.9999999757E-001   4.6819563521E-002   8.8278993453E-008   5.5877256804E-007
288.0   7.5014674698E-004   9.9999900883E-001   9.9999999754E-001   4.6819596527E-002   6.7411052358E-008   9.2129806706E-007
292.0   1.0598821346E-003   9.9999782432E-001   9.9999999751E-001   4.6819613259E-002   1.4541338987E-007   2.0277685386E-006
296.0   1.3724146270E-003   9.9999510096E-001   9.9999999747E-001   4.6819599930E-002   4.4885698271E-007   4.4476499881E-006
300.0   1.6535091765E-003   9.9999008817E-001   9.9999999744E-001   4.6819550556E-002   1.1351545873E-006   8.7741155015E-006
304.0   1.8618414225E-003   9.9998224940E-001   9.9999999740E-001   4.6819478909E-002   2.3445062370E-006   1.5403498986E-005
308.0   1.9521627796E-003   9.9997160694E-001   9.9999999737E-001   4.6819430091E-002   4.1265567534E-006   2.4263870778E-005
312.0   1.8798850399E-003   9.9995904757E-001   9.9999999733E-001   4.6819485285E-002   6.3803309388E-006   3.4569432528E-005
316.0   1.6068005874E-003   9.9994643832E-001   9.9999999730E-001   4.6819753651E-002   8.8172949740E-006   4.4741687974E-005
320.0   1.1074086288E-003   9.9993630490E-001   9.9999999727E-001   4.6820345566E-002   1.0959487419E-005   5.2732883914E-005
324.0   3.7509792444E-004   9.9993094711E-001   9.9999999723E-001   4.6821328956E-002   1.2229224024E-005   5.6820896690E-005
328.0  -5.7271427030E-004   9.9993114700E-001   9.9999999720E-001   4.6822681988E-002   1.2141657118E-005   5.6708545960E-005
332.0  -1.6914282193E-003   9.9993479003E-001   9.9999999716E-001   4.6824261169E-002   1.0581829592E-005   5.4625302705E-005
336.0  -2.9089348403E-003   9.9993593315E-001   9.9999999713E-001   4.6825805458E-002   8.0830011843E-006   5.5980975464E-005
340.0  -4.1287078222E-003   9.9992495926E-001   9.9999999710E-001   4.6826991161E-002   5.9761023274E-006   6.9061731412E-005
344.0  -5.2365178053E-003   9.9989035581E-001   9.9999999706E-001   4.6827546042E-002   6.2799338210E-006   1.0336131949E-004
348.0  -6.1104836007E-003   9.9982218858E-001   9.9999999703E-001   4.6827410114E-002   1.1275261752E-005   1.6653318918E-004
352.0  -6.6336509395E-003   9.9971647067E-001   9.9999999699E-001   4.6826895352E-002   2.2805227868E-005   2.6072109898E-004
356.0  -6.7078075430E-003   9.9957878507E-001   9.9999999696E-001   4.6826763584E-002   4.1482746904E-005   3.7972914439E-004
360.0  -6.2668880696E-003   9.9942527361E-001   9.9999999692E-001   4.6828144829E-002   6.6057647729E-005   5.0866566676E-004
364.0  -5.2881675521E-003   9.9927969429E-001   9.9999999689E-001   4.6832266585E-002   9.3232008505E-005   6.2707058865E-004
368.0  -3.7995369106E-003   9.9916663458E-001   9.9999999686E-001   4.6840044244E-002   1.1811389796E-004   7.1524837415E-004
372.0  -1.8815126725E-003   9.9910248578E-001   9.9999999682E-001   4.6851655877E-002   1.3532231372E-004   7.6218872627E-004
376.0   3.3677353281E-004   9.9908711983E-001   9.9999999679E-001   4.6866264085E-002   1.4050503926E-004   7.7237192093E-004
380.0   2.6876021578E-003   9.9909972197E-001   9.9999999675E-001   4.6882040908E-002   1.3182604478E-004   7.6844873710E-004
384.0   4.9798871791E-003   9.9910153259E-001   9.9999999672E-001   4.6896579530E-002   1.1090339411E-004   7.8756073682E-004
388.0   7.0180113510E-003   9.9904601301E-001   9.9999999668E-001   4.6907636949E-002   8.2794382919E-005   8.7118928867E-004
392.0   8.6221179419E-003   9.9889395311E-001   9.9999999665E-001   4.6913988199E-002   5.4906200184E-005   1.0511373440E-003
396.0   9.6474040074E-003   9.9862851058E-001   9.9999999662E-001   4.6916058198E-002   3.5013208841E-005   1.3364728284E-003
400.0   1.0000000000E-002   9.9826385409E-001   9.9999999658E-001   4.6916013683E-002   2.8862858103E-005   1.7072796309E-003
404.0   9.6474040074E-003   9.9784344881E-001   9.9999999655E-001   4.6917232241E-002   3.8494906744E-005   2.1180528343E-003
408.0   8.6221179419E-003   9.9742888945E-001   9.9999999651E-001   4.6923278926E-002   6.2030416384E-005   2.5090766492E-003
412.0   7.0180113510E-003   9.9708118324E-001   9.9999999648E-001   4.6936634449E-002   9.3891429350E-005   2.8249218073E-003
416.0   4.9798871791E-003   9.9684079484E-001   9.9999999644E-001   4.6957822187E-002   1.2566482995E-004   3.0335367764E-003
420.0   2.6876021578E-003   9.9671610567E-001   9.9999999641E-001   4.6985249849E-002   1.4906903654E-004   3.1348216997E-003
424.0   3.3677353281E-004   9.9668127664E-001   9.9999999637E-001   4.7015464197E-002   1.5901928643E-004   3.1597004456E-003
428.0  -1.8815126725E-003   9.9668456591E-001   9.9999999634E-001   4.7044170308E-002   1.5437945519E-004   3.1610509709E-003
432.0  -3.7995369106E-003   9.9666451021E-001   9.9999999631E-001   4.7067621727E-002   1.3776930573E-004   3.1977167898E-003
436.0  -5.2881675521E-003   9.9656844842E-001   9.9999999627E-001   4.7083539660E-002   1.1513802055E-004   3.3164098339E-003
440.0  -6.2668880696E-003   9.9637111331E-001   9.9999999624E-001   4.7091784534E-002   9.3079634937E-005   3.5358032959E-003
444.0  -6.7078075430E-003   9.9608009565E-001   9.9999999620E-001   4.7094315929E-002   7.6429855663E-005   3.8434706929E-003
448.0  -6.6336509395E-003   9.9572845584E-001   9.9999999617E-001   4.7094332283E-002   6.7862391226E-005   4.2036779383E-003
452.0  -6.1104836007E-003   9.9536338494E-001   9.9999999613E-001   4.7095210313E-002   6.7752327031E-005   4.5688588612E-003
456.0  -5.2365178053E-003   9.9503332835E-001   9.9999999610E-001   4.7099576353E-002   7.4568550601E-005   4.8920991918E-003
460.0  -4.1287078222E-003   9.9477542631E-001   9.9999999606E-001   4.7108650020E-002   8.5382078896E-005   5.1391876747E-003
464.0  -2.9089348403E-003   9.9460627859E-001   9.9999999603E-001   4.7122017779E-002   9.6712786075E-005   5.2970046517E-003
468.0  -1.6914282193E-003   9.9451950276E-001   9.9999999599E-001   4.7137919840E-002   1.0561641258E-004   5.3748768235E-003
472.0  -5.7271427030E-004   9.9449083392E-001   9.9999999596E-001   4.7153950362E-002   1.1044353029E-004   5.3987185110E-003
476.0   3.7509792444E-004   9.9448865468E-001   9.9999999592E-001   4.7167877500E-002   1.1090446016E-004   5.4004367824E-003
480.0   1.1074086288E-003   9.9448386963E-001   9.9999999589E-001   4.7178229160E-002   1.0776263526E-004   5.4083636184E-003
484.0   1.6068005874E-003   9.9445709506E-001   9.9999999585E-001   4.7184574201E-002   1.0238786433E-004   5.4405129338E-003
488.0   1.8798850399E-003   9.9440187916E-001   9.9999999582E-001   4.7187451616E-002   9.6270228727E-005   5.5018464311E-003
492.0   1.9521627796E-003   9.9432360261E-001   9.9999999578E-001   4.7188053274E-002   9.0668445449E-005   5.5857247325E-003
496.0   1.8618414225E-003   9.9423523032E-001   9.9999999575E-001   4.7187761107E-002   8.6323575632E-005   5.6784418546E-003
500.0   1.6535091765E-003   9.9415142406E-001   9.9999999571E-001   4.7187705565E-002   8.3444396373E-005   5.7651272611E-003
504.0   1.3724146270E-003   9.9408342959E-001   9.9999999568E-001   4.7188501617E-002   8.1847176254E-005   5.8347189173E-003
508.0   1.0598821346E-003   9.9403644611E-001   9.9999999564E-001   4.7190213858E-002   8.1135683995E-005   5.8824138527E-003
512.0   7.5014674698E-004   9.9400965988E-001   9.9999999561E-001   4.7192517579E-002   8.0914386143E-005   5.9094213479E-003
516.0   4.6865991761E-004   9.9399814772E-001   9.9999999557E-001   4.7194929063E-002   8.0891250791E-005   5.9209566035E-003
520.0   2.3172707114E-004   9.9399546683E-001   9.9999999554E-001   4.7197019048E-002   8.0908936189E-005   5.9236197712E-003
524.0   4.7207285775E-005   9.9399585755E-001   9.9999999550E-001   4.7198538295E-002   8.0915827666E-005   5.9232221247E-003
528.0  -8.4061023569E-005   9.9399550106E-001   9.9999999547E-001   4.7199443652E-002   8.0917415354E-005   5.9235769941E-003
532.0  -1.6645202595E-004   9.9399282582E-001   9.9999999543E-001   4.7199853647E-002   8.0935287351E-005   5.9262343315E-003
536.0  -2.0766691449E-004   9.9398804582E-001   9.9999999540E-001   4.7199966258E-002   8.0982220974E-005   5.9309673611E-003
540.0  -2.1700730901E-004   9.9398231070E-001   9.9999999536E-001   4.7199972347E-002   8.1057045348E-005   5.9366276202E-003
544.0  -2.0396253132E-004   9.9397695798E-001   9.9999999533E-001   4.7200004599E-002   8.1151432855E-005   5.9418859218E-003
548.0  -1.7718551503E-004   9.9397294506E-001   9.9999999530E-001   4.7200119394E-002   8.1250098830E-005   5.9458001400E-003
552.0  -1.4386390920E-004   9.9397058331E-001   9.9999999526E-001   4.7200309059E-002   8.1337188323E-005   5.9480747600E-003
556.0  -1.0944275406E-004   9.9396966658E-001   9.9999999523E-001   4.7200533863E-002   8.1407452802E-005   5.9489211937E-003
560.0  -7.7624807379E-005   9.9396974701E-001   9.9999999519E-001   4.7200750053E-002   8.1462016691E-005   5.9487861636E-003
564.0  -5.0562678206E-005   9.9397032015E-001   9.9999999516E-001   4.7200923211E-002   8.1500295902E-005   5.9481747118E-003
568.0  -2.9159673296E-005   9.9397094836E-001   9.9999999512E-001   4.7201037680E-002   8.1522031432E-005   5.9475247280E-003
572.0  -1.3408946579E-005   9.9397137913E-001   9.9999999509E-001   4.7201098440E-002   8.1531859552E-005   5.9470840967E-003
576.0  -2.7184121104E-006   9.9397155691E-001   9.9999999505E-001   4.7201122297E-002   8.1535361607E-005   5.9469027779E-003
580.0   3.8121157908E-006   9.9397154160E-001   9.9999999502E-001   4.7201126661E-002   8.1534939281E-005   5.9469184808E-003
584.0   7.1779124832E-006   9.9397142079E-001   9.9999999498E-001   4.7201123990E-002   8.1531501725E-005   5.9470426892E-003
588.0   8.3232242643E-006   9.9397126989E-001   9.9999999495E-001   4.7201121524E-002   8.1526807425E-005   5.9471982473E-003
592.0   8.0554651660E-006   9.9397114253E-001   9.9999999491E-001   4.7201122424E-002   8.1522279085E-005   5.9473301074E-003
596.0   7.0079172300E-006   9.9397106690E-001   9.9999999488E-001   4.7201126862E-002   8.1517791361E-005   5.9474101907E-003
600.0   5.6372927588E-006   9.9397104599E-001   9.9999999484E-001   4.7201133189E-002   8.1512950960E-005   5.9474359036E-003
604.0   4.2431489868E-006   9.9397106337E-001   9.9999999481E-001   4.7201139238E-002   8.1508325011E-005   5.9474231121E-003
608.0   2.9982700139E-006   9.9397109593E-001   9.9999999477E-001   4.7201143496E-002   8.1504776503E-005   5.9473940622E-003
612.0   1.9819090297E-006   9.9397112602E-001   9.9999999474E-001   4.7201145659E-002   8.1502501992E-005   5.9473662175E-003
616.0   1.2105871846E-006   9.9397114655E-001   9.9999999470E-001   4.7201146321E-002   8.1501104945E-005   5.9473470539E-003
620.0   6.6357400162E-007   9.9397115803E-001   9.9999999467E-001   4.7201146241E-002   8.1500211510E-005   5.9473364310E-003
624.0   3.0203279009E-007   9.9397116344E-001   9.9999999463E-001   4.7201145896E-002   8.1499686436E-005   5.9473315028E-003
628.0   8.2065501280E-008   9.9397116533E-001   9.9999999460E-001   4.7201145502E-002   8.1499466394E-005   5.9473298049E-003
632.0  -3.7399536266E-008   9.9397116547E-001   9.9999999456E-001   4.7201145177E-002   8.1499444594E-005   5.9473296509E-003
636.0  -9.0647607870E-008   9.9397116518E-001   9.9999999453E-001   4.7201144985E-002   8.1499508672E-005   5.9473298381E-003
640.0  -1.0391979727E-007   9.9397116523E-001   9.9999999449E-001   4.7201144919E-002   8.1499594227E-005   5.9473296717E-003
644.0  -9.5803989928E-008   9.9397116576E-001   9.9999999446E-001   4.7201144929E-002   8.1499679836E-005   5.9473290245E-003
648.0  -7.8465754864E-008   9.9397116657E-001   9.9999999442E-001   4.7201144963E-002   8.1499755753E-005   5.9473280980E-003
652.0  -5.9160538741E-008   9.9397116746E-001   9.9999999439E-001   4.7201144992E-002   8.1499811882E-005   5.9473271152E-003
656.0  -4.1686032981E-008   9.9397116829E-001   9.9999999435E-001   4.7201145001E-002   8.1499844853E-005   5.9473262221E-003
660.0  -2.7600954222E-008   9.9397116894E-001   9.9999999432E-001   4.7201144986E-002   8.1499860539E-005   5.9473255178E-003
664.0  -1.7151754813E-008   9.9397116936E-001   9.9999999429E-001   4.7201144953E-002   8.1499866997E-005   5.9473250548E-003
668.0  -9.9186892141E-009   9.9397116957E-001   9.9999999425E-001   4.7201144913E-002   8.1499869417E-005   5.9473248138E-003
672.0  -5.2277867204E-009   9.9397116963E-001   9.9999999422E-001   4.7201144876E-002   8.1499870066E-005   5.9473247199E-003
676.0  -2.3866667857E-009   9.9397116962E-001   9.9999999418E-001   4.7201144847E-002   8.1499869870E-005   5.9473246947E-003
680.0  -7.9934174727E-010   9.9397116959E-001   9.9999999415E-001   4.7201144824E-002   8.1499869435E-005   5.9473246903E-003
684.0  -5.4345202871E-012   9.9397116955E-001   9.9999999411E-001   4.7201144804E-002   8.1499869190E-005   5.9473246892E-003
688.0   3.2253449541E-010   9.9397116952E-001   9.9999999408E-001   4.7201144787E-002   8.1499869230E-005   5.9473246873E-003
692.0   4.0112824782E-010   9.9397116949E-001   9.9999999404E-001   4.7201144770E-002   8.1499869432E-005   5.9473246833E-003
696.0   3.6346243715E-010   9.9397116946E-001   9.9999999401E-001   4.7201144754E-002   8.1499869669E-005   5.9473246767E-003
700.0   2.8482808635E-010   9.9397116943E-001   9.9999999397E-001   4.7201144738E-002   8.1499869871E-005   5.9473246694E-003
704.0   2.0336126105E-010   9.9397116940E-001   9.9999999394E-001   4.7201144722E-002   8.1499870033E-005   5.9473246633E-003
708.0   1.3513828609E-010   9.9397116937E-001   9.9999999390E-001   4.7201144705E-002   8.1499870150E-005   5.9473246595E-003
712.0   8.4326998738E-011   9.9397116934E-001   9.9999999387E-001   4.7201144689E-002   8.1499870207E-005   5.9473246574E-003
716.0   4.9493597753E-011   9.9397116931E-001   9.9999999383E-001   4.7201144673E-002   8.1499870212E-005   5.9473246560E-003
720.0   2.7193404285E-011   9.9397116927E-001   9.9999999380E-001   4.7201144656E-002   8.1499870181E-005   5.9473246548E-003
724.0   1.3796648812E-011   9.9397116924E-001   9.9999999376E-001   4.7201144640E-002   8.1499870127E-005   5.9473246535E-003
728.0   6.2603613509E-012   9.9397116921E-001   9.9999999373E-001   4.7201144624E-002   8.1499870059E-005   5.9473246522E-003
732.0   2.3305920577E-012   9.9397116917E-001   9.9999999369E-001   4.7201144608E-002   8.1499869984E-005   5.9473246510E-003
736.0   4.7746918746E-013   9.9397116914E-001   9.9999999366E-001   4.7201144591E-002   8.1499869906E-005   5.9473246498E-003
740.0  -2.6467720599E-013   9.9397116911E-001   9.9999999362E-001   4.7201144575E-002   8.1499869827E-005   5.9473246487E-003
744.0  -4.6504801117E-013   9.9397116907E-001   9.9999999359E-001   4.7201144559E-002   8.1499869747E-005   5.9473246475E-003
748.0  -4.3569540064E-013   9.9397116904E-001   9.9999999355E-001   4.7201144543E-002   8.1499869666E-005   5.9473246463E-003
752.0  -3.3343349602E-013   9.9397116900E-001   9.9999999352E-001   4.7201144526E-002   8.1499869586E-005   5.9473246451E-003
756.0  -2.2792526874E-013   9.9397116897E-001   9.9999999348E-001   4.7201144510E-002   8.1499869506E-005   5.9473246439E-003
760.0  -1.4381769117E-013   9.9397116894E-001   9.9999999345E-001   4.7201144494E-002   8.1499869427E-005   5.9473246427E-003
764.0  -8.4957902535E-014   9.9397116890E-001   9.9999999341E-001   4.7201144478E-002   8.1499869347E-005   5.9473246415E-003
768.0  -4.7226666617E-014   9.9397116887E-001   9.9999999338E-001   4.7201144462E-002   8.1499869267E-005   5.9473246403E-003
772.0  -2.4674101295E-014   9.9397116884E-001   9.9999999334E-001   4.7201144445E-002   8.1499869187E-005   5.9473246392E-003
776.0  -1.2018238120E-014   9.9397116880E-001   9.9999999331E-001   4.7201144429E-002   8.1499869108E-005   5.9473246380E-003
780.0  -5.3509836315E-015   9.9397116877E-001   9.9999999327E-001   4.7201144413E-002   8.1499869028E-005   5.9473246368E-003
784.0  -2.0770866635E-015   9.9397116874E-001   9.9999999324E-001   4.7201144397E-002   8.1499868948E-005   5.9473246356E-003
788.0  -6.0574434598E-016   9.9397116870E-001   9.9999999321E-001   4.7201144380E-002   8.1499868869E-005   5.9473246344E-003
792.0  -2.6557328078E-017   9.9397116867E-001   9.9999999317E-001   4.7201144364E-002   8.1499868789E-005   5.9473246332E-003
796.0   1.4811566251E-016   9.9397116864E-001   9.9999999314E-001   4.7201144348E-002   8.1499868709E-005   5.9473246320E-003
800.0   1.6149883778E-016   9.9397116860E-001   9.9999999310E-001   4.7201144332E-002   8.1499868630E-005   5.9473246309E-003
