   9.3393226e+00
   8.9783679e+00
   8.6269364e+00
   8.2848995e+00
   7.9521289e+00
   7.6284960e+00
   7.3138723e+00
   7.0081292e+00
   6.7111383e+00
   6.4227711e+00
   6.1428991e+00
   5.8713937e+00
   5.6081264e+00
   5.3529688e+00
   5.1057924e+00
   4.8664686e+00
   4.6348689e+00
   4.4108649e+00
   4.1943280e+00
   3.9851297e+00
   3.7831415e+00
   3.5882349e+00
   3.4002814e+00
   3.2191526e+00
   3.0447198e+00
   2.8768546e+00
   2.7154285e+00
   2.5603130e+00
   2.4113795e+00
   2.2684996e+00
   2.1315448e+00
   2.0003865e+00
   1.8748963e+00
   1.7549456e+00
   1.6404060e+00
   1.5311489e+00
   1.4270458e+00
   1.3279683e+00
   1.2337878e+00
   1.1443758e+00
   1.0596038e+00
   9.7934329e-01
   9.0346581e-01
   8.3184282e-01
   7.6434583e-01
   7.0084632e-01
   6.4121579e-01
   5.8532573e-01
   5.3304765e-01
   4.8425303e-01
   4.3881336e-01
   3.9660016e-01
   3.5748490e-01
   3.2133909e-01
   2.8803422e-01
   2.5744178e-01
   2.2943327e-01
   2.0388018e-01
   1.8065402e-01
   1.5962626e-01
   1.4066842e-01
   1.2365198e-01
   1.0844843e-01
   9.4929285e-02
   8.2966023e-02
   7.2430144e-02
   6.3193143e-02
   5.5126514e-02
   4.8101753e-02
   4.1990354e-02
   3.6669066e-02
   3.2035654e-02
   2.8001857e-02
   2.4514304e-02
   2.1510420e-02
   1.8855934e-02
   1.6478751e-02
   1.4627184e-02
   1.3339618e-02
   1.1494324e-02
   8.2612149e-03
   5.1368840e-03
   3.6382942e-03
   3.0372040e-03
   2.3144712e-03
   1.5325540e-03
   9.5301392e-04
   5.5222401e-04
   2.5495848e-04
   6.4784011e-05
   0.0000000e+00
   5.9044011e-05
   2.3681934e-04
   5.3395401e-04
   9.5210045e-04
   1.4912840e-03
   2.1511242e-03
   2.9312440e-03
   3.8310432e-03
   4.8490240e-03
   5.9833835e-03
   7.2319940e-03
   8.5924470e-03
   1.0061534e-02
   1.1635650e-02
   1.3310404e-02
   1.5081237e-02
   1.6943714e-02
   1.8893247e-02
   2.0924524e-02
   2.3032130e-02
   2.5210954e-02
   2.7455751e-02
   2.9760424e-02
   3.2119477e-02
   3.4530674e-02
   3.6989771e-02
   3.9481224e-02
   4.1997482e-02
   4.4574254e-02
   4.7218047e-02
   4.9775294e-02
   5.2202141e-02
   5.5053664e-02
   5.8476276e-02
   6.0382794e-02
   5.9021210e-02
   5.6213804e-02
   5.4102813e-02
   5.2536024e-02
   5.0941334e-02
   4.9361524e-02
   4.7951915e-02
   4.6703094e-02
   4.5575493e-02
   4.4573644e-02
   4.3710122e-02
   4.2985584e-02
   4.2398460e-02
   4.1950204e-02
   4.1642763e-02
   4.1477044e-02
   4.1453692e-02
   4.1573334e-02
   4.1836510e-02
   4.2243434e-02
   4.2794164e-02
   4.3488464e-02
   4.4325943e-02
   4.5305894e-02
   4.6427449e-02
   4.7689414e-02
   4.9090431e-02
   5.0628824e-02
   5.2302759e-02
   5.4110094e-02
   5.6048538e-02
   5.8115514e-02
   6.0308307e-02
   6.2623944e-02
   6.5059332e-02
   6.7611144e-02
   7.0275951e-02
   7.3050134e-02
   7.5929985e-02
   7.8911634e-02
   8.1991143e-02
   8.5164454e-02
   8.8427456e-02
   9.1775944e-02
   9.5205676e-02
   9.8712354e-02
   1.0229166e-01
   1.0593926e-01
   1.0965081e-01
   1.1342196e-01
   1.1724839e-01
   1.2112579e-01
   1.2504992e-01
   1.2901655e-01
   1.3302154e-01
   1.3706080e-01
   1.4113031e-01
   1.4522619e-01
   1.4934462e-01
   1.5348175e-01
   1.5763376e-01
   1.6179682e-01
   1.6596708e-01
   1.7014072e-01
   1.7431390e-01
   1.7848279e-01
   1.8264356e-01
   1.8679237e-01
   1.9092539e-01
   1.9503879e-01
   1.9912873e-01
   2.0319138e-01
   2.0722291e-01
   2.1121948e-01
   2.1517726e-01
   2.1909242e-01
   2.2296112e-01
   2.2677954e-01
   2.3054383e-01
   2.3425016e-01
   2.3789471e-01
   2.4147363e-01
   2.4498309e-01
   2.4841927e-01
   2.5177833e-01
   2.5505643e-01
   2.5824974e-01
   2.6135442e-01
   2.6436666e-01
   2.6728260e-01
   2.7009842e-01
   2.7281029e-01
   2.7541437e-01
   2.7790683e-01
   2.8028383e-01
   2.8254154e-01
   2.8467613e-01
   2.8668377e-01
   2.8856062e-01
   2.9030285e-01
   2.9190662e-01
   2.9336811e-01
   2.9468347e-01
   2.9584888e-01
   2.9686051e-01
   2.9771451e-01
   2.9840705e-01
   2.9893431e-01
   2.9929245e-01
   2.9947764e-01
   2.9948604e-01
   2.9931382e-01
   2.9895714e-01
   2.9841218e-01
   2.9767509e-01
   2.9674206e-01
   2.9560923e-01
   2.9427279e-01
   2.9272889e-01
   2.9097371e-01
   2.8900341e-01
   2.8681415e-01
   2.8440211e-01
   2.8176345e-01
   2.7889433e-01
