   1.5661302e+00
   1.5184601e+00
   1.4717634e+00
   1.4260300e+00
   1.3812500e+00
   1.3374133e+00
   1.2945101e+00
   1.2525302e+00
   1.2114637e+00
   1.1713006e+00
   1.1320309e+00
   1.0936446e+00
   1.0561317e+00
   1.0194822e+00
   9.8368619e-01
   9.4873355e-01
   9.1461435e-01
   8.8131858e-01
   8.4883624e-01
   8.1715734e-01
   7.8627190e-01
   7.5616990e-01
   7.2684136e-01
   6.9827628e-01
   6.7046467e-01
   6.4339653e-01
   6.1706186e-01
   5.9145068e-01
   5.6655298e-01
   5.4235877e-01
   5.1885805e-01
   4.9604084e-01
   4.7389712e-01
   4.5241692e-01
   4.3159024e-01
   4.1140707e-01
   3.9185742e-01
   3.7293131e-01
   3.5461872e-01
   3.3690968e-01
   3.1979418e-01
   3.0326222e-01
   2.8730382e-01
   2.7190898e-01
   2.5706770e-01
   2.4276999e-01
   2.2900584e-01
   2.1576528e-01
   2.0303830e-01
   1.9081490e-01
   1.7908509e-01
   1.6783888e-01
   1.5706628e-01
   1.4675727e-01
   1.3690188e-01
   1.2749010e-01
   1.1851195e-01
   1.0995742e-01
   1.0181651e-01
   9.4079246e-02
   8.6735619e-02
   7.9775635e-02
   7.3189301e-02
   6.6966620e-02
   6.1097598e-02
   5.5572240e-02
   5.0380550e-02
   4.5512533e-02
   4.0958194e-02
   3.6707539e-02
   3.2750570e-02
   2.9077294e-02
   2.5677716e-02
   2.2541839e-02
   1.9659670e-02
   1.7021212e-02
   1.4616470e-02
   1.2435451e-02
   1.0468157e-02
   8.7045939e-03
   7.1347670e-03
   5.7486806e-03
   4.5363398e-03
   3.4877492e-03
   2.5929137e-03
   1.8418381e-03
   1.2246717e-03
   7.3488881e-04
   3.6932366e-04
   1.2577253e-04
   2.8784870e-06
   0.0000000e+00
   1.1718007e-04
   3.5459859e-04
   7.1253859e-04
   1.1911921e-03
   1.7906429e-03
   2.5106858e-03
   3.3508055e-03
   4.3099064e-03
   5.3863145e-03
   6.5780767e-03
   7.8829616e-03
   9.2981573e-03
   1.0820258e-02
   1.2445267e-02
   1.4168623e-02
   1.5985828e-02
   1.7892452e-02
   1.9883543e-02
   2.1953643e-02
   2.4097487e-02
   2.6310007e-02
   2.8585530e-02
   3.0917876e-02
   3.3303179e-02
   3.5739563e-02
   3.8217133e-02
   4.0719229e-02
   4.3259929e-02
   4.5879402e-02
   4.8504121e-02
   5.0964216e-02
   5.3515300e-02
   5.6773665e-02
   5.9768927e-02
   6.0037006e-02
   5.7613033e-02
   5.5029440e-02
   5.3281270e-02
   5.1733675e-02
   5.0121896e-02
   4.8617835e-02
   4.7294818e-02
   4.6109662e-02
   4.5043464e-02
   4.4106726e-02
   4.3311224e-02
   4.2668736e-02
   4.2191040e-02
   4.1889914e-02
   4.1777136e-02
   4.1864484e-02
   4.2163735e-02
   4.2686668e-02
   4.3445060e-02
   4.4450689e-02
   4.5715333e-02
   4.7250769e-02
   4.9068777e-02
   5.1181133e-02
   5.3599615e-02
   5.6336002e-02
   5.9402071e-02
   6.2809599e-02
   6.6570366e-02
   7.0696148e-02
   7.5198723e-02
   8.0089870e-02
   8.5381367e-02
   9.1084990e-02
   9.7212518e-02
   1.0377573e-01
   1.1078640e-01
   1.1825631e-01
   1.2619724e-01
   1.3462096e-01
   1.4353925e-01
   1.5296389e-01
   1.6290666e-01
   1.7337934e-01
   1.8439370e-01
   1.9596152e-01
   2.0809458e-01
   2.2080465e-01
   2.3410353e-01
   2.4800297e-01
   2.6251477e-01
   2.7765069e-01
   2.9342252e-01
   3.0984203e-01
   3.2692101e-01
   3.4467122e-01
   3.6310446e-01
   3.8223249e-01
   4.0206709e-01
   4.2262004e-01
   4.4390312e-01
   4.6592811e-01
   4.8870679e-01
   5.1225093e-01
   5.3657230e-01
   5.6168270e-01
   5.8759389e-01
   6.1431766e-01
   6.4186578e-01
   6.7025003e-01
   6.9948218e-01
   7.2957402e-01
   7.6053733e-01
   7.9238387e-01
   8.2512544e-01
   8.5877380e-01
   8.9334074e-01
   9.2883803e-01
   9.6527745e-01
   1.0026708e+00
   1.0410298e+00
   1.0803663e+00
   1.1206920e+00
   1.1620187e+00
   1.2043583e+00
   1.2477224e+00
   1.2921228e+00
   1.3375714e+00
   1.3840799e+00
   1.4316601e+00
   1.4803238e+00
   1.5300827e+00
   1.5809486e+00
   1.6329333e+00
   1.6860486e+00
   1.7403063e+00
   1.7957181e+00
   1.8522958e+00
   1.9100511e+00
   1.9689960e+00
   2.0291421e+00
   2.0905012e+00
   2.1530851e+00
   2.2169056e+00
   2.2819744e+00
   2.3483034e+00
   2.4159043e+00
   2.4847888e+00
   2.5549689e+00
   2.6264561e+00
   2.6992625e+00
   2.7733996e+00
   2.8488792e+00
   2.9257133e+00
   3.0039134e+00
   3.0834915e+00
   3.1644593e+00
   3.2468285e+00
   3.3306110e+00
   3.4158185e+00
   3.5024628e+00
   3.5905557e+00
   3.6801089e+00
   3.7711343e+00
   3.8636436e+00
