   9.7248782e+00
   9.3472593e+00
   8.9796665e+00
   8.6219664e+00
   8.2740258e+00
   7.9357114e+00
   7.6068900e+00
   7.2874284e+00
   6.9771932e+00
   6.6760512e+00
   6.3838691e+00
   6.1005138e+00
   5.8258519e+00
   5.5597502e+00
   5.3020754e+00
   5.0526943e+00
   4.8114736e+00
   4.5782800e+00
   4.3529804e+00
   4.1354414e+00
   3.9255297e+00
   3.7231123e+00
   3.5280556e+00
   3.3402267e+00
   3.1594920e+00
   2.9857185e+00
   2.8187729e+00
   2.6585218e+00
   2.5048321e+00
   2.3575704e+00
   2.2166036e+00
   2.0817983e+00
   1.9530214e+00
   1.8301395e+00
   1.7130194e+00
   1.6015278e+00
   1.4955316e+00
   1.3948974e+00
   1.2994919e+00
   1.2091820e+00
   1.1238343e+00
   1.0433156e+00
   9.6749270e-01
   8.9623227e-01
   8.2940107e-01
   7.6686586e-01
   7.0849337e-01
   6.5415035e-01
   6.0370353e-01
   5.5701967e-01
   5.1396551e-01
   4.7440779e-01
   4.3821326e-01
   4.0524865e-01
   3.7538072e-01
   3.4847620e-01
   3.2440184e-01
   3.0302439e-01
   2.8421058e-01
   2.6782716e-01
   2.5374088e-01
   2.4181847e-01
   2.3192669e-01
   2.2393227e-01
   2.1770196e-01
   2.1310250e-01
   2.1000064e-01
   2.0826311e-01
   2.0775667e-01
   2.0834806e-01
   2.0990494e-01
   2.1231620e-01
   2.1549192e-01
   2.1934285e-01
   2.2378111e-01
   2.2875752e-01
   2.3425647e-01
   2.4014646e-01
   2.4606521e-01
   2.4904103e-01
   2.4380536e-01
   2.3204837e-01
   2.2225460e-01
   2.1683272e-01
   2.1192029e-01
   2.0595996e-01
   1.9994705e-01
   1.9429963e-01
   1.8875434e-01
   1.8320357e-01
   1.7772329e-01
   1.7234816e-01
   1.6706397e-01
   1.6186762e-01
   1.5676911e-01
   1.5177520e-01
   1.4688890e-01
   1.4211366e-01
   1.3745353e-01
   1.3291211e-01
   1.2849250e-01
   1.2419735e-01
   1.2002886e-01
   1.1598899e-01
   1.1207945e-01
   1.0830179e-01
   1.0465745e-01
   1.0114731e-01
   9.7771746e-02
   9.4531124e-02
   9.1425850e-02
   8.8456075e-02
   8.5621688e-02
   8.2922469e-02
   8.0358091e-02
   7.7928124e-02
   7.5632029e-02
   7.3469207e-02
   7.1438995e-02
   6.9540697e-02
   6.7773580e-02
   6.6136912e-02
   6.4629960e-02
   6.3252020e-02
   6.2002415e-02
   6.0880550e-02
   5.9885905e-02
   5.9018001e-02
   5.8276394e-02
   5.7660736e-02
   5.7170771e-02
   5.6806292e-02
   5.6567132e-02
   5.6453160e-02
   5.6464272e-02
   5.6600357e-02
   5.6861294e-02
   5.7246928e-02
   5.7757065e-02
   5.8391439e-02
   5.9149700e-02
   6.0031400e-02
   6.1035980e-02
   6.2162757e-02
   6.3410916e-02
   6.4779496e-02
   6.6267379e-02
   6.7873297e-02
   6.9595826e-02
   7.1433380e-02
   7.3384210e-02
   7.5446412e-02
   7.7617928e-02
   7.9896552e-02
   8.2279932e-02
   8.4765580e-02
   8.7350872e-02
   9.0033065e-02
   9.2809299e-02
   9.5676608e-02
   9.8631920e-02
   1.0167207e-01
   1.0479381e-01
   1.0799381e-01
   1.1126867e-01
   1.1461493e-01
   1.1802906e-01
   1.2150748e-01
   1.2504656e-01
   1.2864263e-01
   1.3229198e-01
   1.3599087e-01
   1.3973555e-01
   1.4352224e-01
   1.4734715e-01
   1.5120648e-01
   1.5509646e-01
   1.5901331e-01
   1.6295328e-01
   1.6691267e-01
   1.7088778e-01
   1.7487500e-01
   1.7887074e-01
   1.8287148e-01
   1.8687382e-01
   1.9087432e-01
   1.9486955e-01
   1.9885611e-01
   2.0283056e-01
   2.0678948e-01
   2.1072945e-01
   2.1464705e-01
   2.1853885e-01
   2.2240143e-01
   2.2623137e-01
   2.3002524e-01
   2.3377962e-01
   2.3749108e-01
   2.4115622e-01
   2.4477159e-01
   2.4833379e-01
   2.5183938e-01
   2.5528494e-01
   2.5866706e-01
   2.6198230e-01
   2.6522724e-01
   2.6839847e-01
   2.7149255e-01
   2.7450607e-01
   2.7743560e-01
   2.8027773e-01
   2.8302901e-01
   2.8568604e-01
   2.8824540e-01
   2.9070365e-01
   2.9305737e-01
   2.9530314e-01
   2.9743755e-01
   2.9945716e-01
   3.0135855e-01
   3.0313830e-01
   3.0479299e-01
   3.0631919e-01
   3.0771348e-01
   3.0897244e-01
   3.1009265e-01
   3.1107067e-01
   3.1190310e-01
   3.1258650e-01
   3.1311746e-01
   3.1349254e-01
   3.1370833e-01
   3.1376141e-01
   3.1364835e-01
   3.1336572e-01
   3.1291011e-01
   3.1227809e-01
   3.1146624e-01
   3.1047114e-01
   3.0928936e-01
   3.0791748e-01
   3.0635208e-01
   3.0458974e-01
   3.0262702e-01
   3.0046051e-01
   2.9808679e-01
   2.9550243e-01
   2.9270401e-01
   2.8968811e-01
   2.8645130e-01
   2.8299016e-01
   2.7930127e-01
