   9.7568094e+00
   9.3936223e+00
   9.0400181e+00
   8.6958660e+00
   8.3610352e+00
   8.0353949e+00
   7.7188141e+00
   7.4111621e+00
   7.1123079e+00
   6.8221208e+00
   6.5404698e+00
   6.2672242e+00
   6.0022530e+00
   5.7454255e+00
   5.4966107e+00
   5.2556779e+00
   5.0224961e+00
   4.7969345e+00
   4.5788623e+00
   4.3681486e+00
   4.1646626e+00
   3.9682734e+00
   3.7788502e+00
   3.5962620e+00
   3.4203781e+00
   3.2510677e+00
   3.0881997e+00
   2.9316435e+00
   2.7812682e+00
   2.6369428e+00
   2.4985366e+00
   2.3659187e+00
   2.2389582e+00
   2.1175243e+00
   2.0014862e+00
   1.8907130e+00
   1.7850738e+00
   1.6844378e+00
   1.5886742e+00
   1.4976520e+00
   1.4112405e+00
   1.3293087e+00
   1.2517259e+00
   1.1783612e+00
   1.1090837e+00
   1.0437626e+00
   9.8226707e-01
   9.2446618e-01
   8.7022911e-01
   8.1942502e-01
   7.7192306e-01
   7.2759237e-01
   6.8630211e-01
   6.4792141e-01
   6.1231944e-01
   5.7936534e-01
   5.4892825e-01
   5.2087733e-01
   4.9508173e-01
   4.7141059e-01
   4.4973307e-01
   4.2991830e-01
   4.1183545e-01
   3.9535366e-01
   3.8034207e-01
   3.6666984e-01
   3.5420612e-01
   3.4282005e-01
   3.3238079e-01
   3.2275747e-01
   3.1382024e-01
   3.0546177e-01
   2.9759728e-01
   2.9014235e-01
   2.8301402e-01
   2.7617694e-01
   2.6963725e-01
   2.6326170e-01
   2.5693074e-01
   2.5408849e-01
   2.6126083e-01
   2.7390558e-01
   2.7684028e-01
   2.6780444e-01
   2.5763783e-01
   2.5064271e-01
   2.4408349e-01
   2.3681831e-01
   2.2958646e-01
   2.2269902e-01
   2.1596207e-01
   2.0929593e-01
   2.0275571e-01
   1.9636551e-01
   1.9011287e-01
   1.8399321e-01
   1.7801129e-01
   1.7216934e-01
   1.6646666e-01
   1.6090286e-01
   1.5547798e-01
   1.5019159e-01
   1.4504277e-01
   1.4003045e-01
   1.3515343e-01
   1.3041039e-01
   1.2579989e-01
   1.2132030e-01
   1.1696984e-01
   1.1274680e-01
   1.0864956e-01
   1.0467639e-01
   1.0082544e-01
   9.7095576e-02
   9.3486315e-02
   8.9995146e-02
   8.6617877e-02
   8.3358718e-02
   8.0229039e-02
   7.7209906e-02
   7.4256738e-02
   7.1439115e-02
   6.8923420e-02
   6.6451016e-02
   6.3403048e-02
   6.0747761e-02
   6.0947516e-02
   6.3965893e-02
   6.7269590e-02
   6.9863092e-02
   7.2381147e-02
   7.5088592e-02
   7.7813790e-02
   8.0484561e-02
   8.3146009e-02
   8.5816901e-02
   8.8484887e-02
   9.1144953e-02
   9.3800701e-02
   9.6454010e-02
   9.9104692e-02
   1.0175322e-01
   1.0440080e-01
   1.0704863e-01
   1.0969786e-01
   1.1234973e-01
   1.1500562e-01
   1.1766691e-01
   1.2033503e-01
   1.2301139e-01
   1.2569744e-01
   1.2839460e-01
   1.3110423e-01
   1.3382768e-01
   1.3656623e-01
   1.3932112e-01
   1.4209351e-01
   1.4488448e-01
   1.4769503e-01
   1.5052609e-01
   1.5337848e-01
   1.5625292e-01
   1.5915004e-01
   1.6207036e-01
   1.6501429e-01
   1.6798213e-01
   1.7097404e-01
   1.7399007e-01
   1.7703013e-01
   1.8009399e-01
   1.8318129e-01
   1.8629149e-01
   1.8942396e-01
   1.9257787e-01
   1.9575229e-01
   1.9894611e-01
   2.0215813e-01
   2.0538697e-01
   2.0863116e-01
   2.1188911e-01
   2.1515910e-01
   2.1843936e-01
   2.2172801e-01
   2.2502307e-01
   2.2832249e-01
   2.3162422e-01
   2.3492618e-01
   2.3822632e-01
   2.4152257e-01
   2.4481288e-01
   2.4809518e-01
   2.5136741e-01
   2.5462752e-01
   2.5787343e-01
   2.6110309e-01
   2.6431444e-01
   2.6750541e-01
   2.7067395e-01
   2.7381800e-01
   2.7693548e-01
   2.8002435e-01
   2.8308253e-01
   2.8610798e-01
   2.8909862e-01
   2.9205239e-01
   2.9496725e-01
   2.9784111e-01
   3.0067193e-01
   3.0345764e-01
   3.0619618e-01
   3.0888549e-01
   3.1152350e-01
   3.1410816e-01
   3.1663741e-01
   3.1910918e-01
   3.2152141e-01
   3.2387204e-01
   3.2615902e-01
   3.2838027e-01
   3.3053374e-01
   3.3261736e-01
   3.3462909e-01
   3.3656684e-01
   3.3842857e-01
   3.4021221e-01
   3.4191570e-01
   3.4353698e-01
   3.4507398e-01
   3.4652465e-01
   3.4788693e-01
   3.4915875e-01
   3.5033806e-01
   3.5142278e-01
   3.5241087e-01
   3.5330026e-01
   3.5408888e-01
   3.5477468e-01
   3.5535560e-01
   3.5582957e-01
   3.5619453e-01
   3.5644842e-01
   3.5658919e-01
   3.5661476e-01
   3.5652308e-01
   3.5631209e-01
   3.5597973e-01
   3.5552393e-01
   3.5494263e-01
   3.5423377e-01
   3.5339530e-01
   3.5242514e-01
   3.5132124e-01
