-0.05339094 
-0.03993394 
-0.03284923 
-0.03263879 
-0.03951215 
-0.05332148 
-0.07308032 
 0.21073648 
 0.18395246 
 0.15269040 
 0.12077119 
 0.08865594 
 0.05674840 
 0.02534412 
-0.00535984 
-0.03523928 
-0.06422355 
-0.09227133 
-0.11937318 
-0.14550791 
-0.17063136 
-0.19490768 
-0.21818501 
-0.24052875 
-0.26195681 
-0.28249906 
-0.30219474 
-0.32109742 
-0.33927452 
-0.35680855 
-0.00000304 
-0.39034206 
-0.40656362 
-0.42257799 
-0.43850189 
-0.45444928 
-0.47052769 
-0.48683962 
-0.50348027 
-0.52053717 
-0.53808889 
-0.55620205 
-0.57493028 
-0.59431075 
-0.61436257 
-0.63508544 
-0.65645955 
-0.67844692 
-0.70099428 
-0.72403703 
-0.74750387 
-0.77132110 
-0.79541578 
-0.81971717 
-0.84415668 
-0.86866649 
-0.89317786 
-0.91761949 
-0.94191634 
-0.96598918 
-0.98975443 
