-0.00000000 
-0.00000000 
 0.00000000 
-0.00000000 
-0.00000000 
-0.00000000 
-0.00000000 
 0.00000002 
-0.00000000 
 0.00000000 
 0.00000000 
-0.00000000 
 0.00000000 
-0.00000000 
-0.00000000 
-0.00000000 
 0.00000000 
 0.00000000 
-0.00000001 
 0.00000000 
-0.00000005 
 0.00000001 
-0.00000000 
-0.00000000 
 0.00000000 
 0.00000001 
 0.00000001 
 0.00000001 
-0.00000001 
 0.00000000 
 0.00171118 
 0.00000000 
-0.00000000 
-0.00000000 
-0.00000000 
-0.00000000 
-0.00000000 
 0.00000000 
-0.00000000 
 0.00000000 
 0.00000000 
-0.00000000 
 0.00000000 
-0.00000000 
 0.00000000 
-0.00000000 
 0.00000000 
-0.00000000 
-0.00000000 
 0.00000000 
-0.00000000 
-0.00000000 
 0.00000000 
 0.00000000 
 0.00000000 
 0.00000000 
-0.00000000 
 0.00000000 
 0.00000000 
 0.00000000 
-0.00000000 
