 0.59356128 
 0.63815701 
 0.67479109 
 0.70346357 
 0.72439685 
 0.73801362 
 0.74491786 
 0.74591023 
 0.77688919 
 0.76860576 
 0.75630933 
 0.74118697 
 0.72402805 
 0.70547525 
 0.68605474 
 0.66617984 
 0.64616350 
 0.62622097 
 0.60649802 
 0.58705113 
 0.56812605 
 0.54900365 
 0.53028406 
 0.51162954 
 0.49291201 
 0.47400673 
 0.45480353 
 0.43522069 
 0.41520632 
 0.39473450 
 0.37378816 
-0.00940300 
-0.01848809 
-0.02737677 
-0.03618549 
-0.04502591 
-0.05400600 
-0.06323081 
-0.07280265 
-0.08282026 
-0.09337723 
-0.10455979 
-0.11644378 
-0.12909208 
-0.14255215 
-0.15685446 
-0.17201198 
-0.18802117 
-0.20486442 
-0.22251369 
-0.24093478 
-0.26009111 
-0.27994643 
-0.30046546 
-0.32161281 
-0.34335041 
-0.36563452 
-0.38841277 
-0.41162200 
-0.43518693 
-0.45901977 
