-0.00000000 
-0.00000000 
-0.00000000 
-0.00000000 
-0.00000000 
-0.00000000 
-0.00000000 
 0.08683395 
 0.00281441 
 0.02113625 
 0.03874362 
 0.05565294 
 0.07183405 
 0.08727817 
 0.10199695 
 0.11601532 
 0.12936566 
 0.14208096 
 0.15419454 
 0.16573243 
 0.17661758 
 0.18718819 
 0.19715842 
 0.20666493 
 0.21574714 
 0.22445353 
 0.23283873 
 0.24096169 
 0.24888085 
 0.25664992 
 0.00212815 
 0.27190250 
 0.27943535 
 0.28691438 
 0.29432776 
 0.30165200 
 0.30885279 
 0.31588951 
 0.32271656 
 0.32928634 
 0.33555142 
 0.34146505 
 0.34698376 
 0.35206668 
 0.35667626 
 0.36077818 
 0.36434123 
 0.36733730 
 0.36974152 
 0.37153246 
 0.37269247 
 0.37320797 
 0.37306962 
 0.37227226 
 0.37081466 
 0.36869915 
 0.36593131 
 0.36251977 
 0.35847618 
 0.35381551 
 0.34855641 
