       0.159579204216184
       0.153259867729223
       0.147068194605635
       0.141004184845420
       0.135067838448578
       0.129259155415109
       0.123578135745013
       0.118024779438289
       0.112599086494939
       0.107301056914962
       0.102130690698357
       0.097087987845126
       0.092172948355268
       0.087385572228782
       0.082725859465670
       0.078193810065930
       0.073789424029563
       0.069512701356570
       0.065363642046949
       0.061342246100701
       0.057448513517826
       0.053682444298324
       0.050044038442195
       0.046533295949439
       0.043150216820056
       0.039894801054046
       0.036767048651409
       0.033766959612144
       0.030894533936253
       0.028149771623735
       0.025532672674589
       0.023043237088817
       0.020681464866417
       0.018447356007391
       0.016340910511737
       0.014362128379457
       0.012511009610549
       0.010787554205014
       0.009191762162852
       0.007723633484063
       0.006383168168647
       0.005170366216604
       0.004085227627934
       0.003127752402637
       0.002297940540713
       0.001595792042162
       0.001021306906984
       0.000574485135178
       0.000255326726746
       0.000063831681686
       0.000000000000000
       0.000063831681686
       0.000255326726746
       0.000574485135178
       0.001021306906984
       0.001595792042162
       0.002297940540713
       0.003127752402637
       0.004085227627934
       0.005170366216604
       0.006383168168647
       0.007723633484063
       0.009191762162852
       0.010787554205014
       0.012511009610549
       0.014362128379457
       0.016340910511737
       0.018447356007391
       0.020681464866417
       0.023043237088817
       0.025532672674589
       0.028149771623735
       0.030894533936253
       0.033766959612144
       0.036767048651409
       0.039894801054046
       0.043150216820056
       0.046533295949439
       0.050044038442195
       0.053682444298324
       0.057448513517826
       0.061342246100701
       0.065363642046949
       0.069512701356570
       0.073789424029563
       0.078193810065930
       0.082725859465670
       0.087385572228782
       0.092172948355268
       0.097087987845126
       0.102130690698357
       0.107301056914962
       0.112599086494939
       0.118024779438289
       0.123578135745013
       0.129259155415109
       0.135067838448578
       0.141004184845420
       0.147068194605635
       0.153259867729223
       0.159579204216184
