  -2.5588326e-06
  -2.4467181e-06
  -2.3379262e-06
  -2.2324070e-06
  -2.1301106e-06
  -2.0309868e-06
  -1.9349859e-06
  -1.8420578e-06
  -1.7521526e-06
  -1.6652203e-06
  -1.5812109e-06
  -1.5000745e-06
  -1.4217611e-06
  -1.3462207e-06
  -1.2734034e-06
  -1.2032592e-06
  -1.1357381e-06
  -1.0707903e-06
  -1.0083656e-06
  -9.4841426e-07
  -8.9088615e-07
  -8.3573137e-07
  -7.8289995e-07
  -7.3234193e-07
  -6.8400733e-07
  -6.3784619e-07
  -5.9380856e-07
  -5.5184446e-07
  -5.1190393e-07
  -4.7393701e-07
  -4.3789372e-07
  -4.0372412e-07
  -3.7137822e-07
  -3.4080607e-07
  -3.1195771e-07
  -2.8478316e-07
  -2.5923246e-07
  -2.3525565e-07
  -2.1280277e-07
  -1.9182384e-07
  -1.7226891e-07
  -1.5408800e-07
  -1.3723116e-07
  -1.2164842e-07
  -1.0728982e-07
  -9.4105383e-08
  -8.2045155e-08
  -7.1059167e-08
  -6.1097456e-08
  -5.2110056e-08
  -4.4047003e-08
  -3.6858332e-08
  -3.0494079e-08
  -2.4904278e-08
  -2.0038966e-08
  -1.5848177e-08
  -1.2281947e-08
  -9.2903108e-09
  -6.8233039e-09
  -4.8309616e-09
  -3.2633192e-09
  -2.0704121e-09
  -1.2022755e-09
  -6.0894474e-10
  -2.4045510e-10
  -4.6841903e-11
   2.1859555e-11
   1.5613968e-11
  -1.5613968e-11
  -2.1859555e-11
   4.0596316e-11
   7.1824251e-11
  -1.4677130e-10
  -2.6543745e-10
   5.4648887e-10
   9.8992555e-10
  -2.0391842e-09
  -3.6942648e-09
   8.0789978e-09
   2.6443383e-08
   2.6441943e-08
   8.0769809e-09
  -3.6905190e-09
  -2.0325570e-09
   9.7638312e-10
   5.2199725e-10
  -2.1501352e-10
  -5.5431948e-11
  -1.1632904e-10
  -3.0026946e-10
   6.8032970e-10
   1.2565098e-09
  -2.7612397e-09
  -8.9445196e-09
  -8.5416207e-09
  -2.1971813e-09
   2.0897264e-10
  -1.1730052e-09
   3.6432302e-09
   1.0951702e-08
   3.8118566e-09
  -1.4352554e-08
  -1.9984407e-08
  -8.0727378e-09
   7.2195204e-09
   1.7424755e-08
   2.0637575e-08
   1.5717469e-08
   2.5739292e-09
  -5.7633806e-09
   1.4222958e-08
   2.6554803e-08
  -5.5247012e-08
  -1.0029958e-07
   2.0692134e-07
   3.7886228e-07
  -7.5337584e-07
  -1.3742120e-06
   2.8625195e-06
   5.1820483e-06
  -1.0618265e-05
  -1.9269919e-05
   3.9650383e-05
   7.1862158e-05
  -1.5716764e-04
  -5.1443934e-04
  -5.1443231e-04
  -1.5714980e-04
   7.1881567e-05
   3.9667606e-05
  -1.9242709e-05
  -1.0576874e-05
   5.2109870e-06
   2.8562971e-06
  -1.3998331e-06
  -7.7159521e-07
   3.7709543e-07
   2.1633377e-07
  -9.4017335e-08
  -6.1396120e-08
   1.6786413e-08
   1.1438212e-08
  -5.6283164e-09
  -3.1067267e-09
   1.5081028e-09
   8.3244490e-10
  -4.0409494e-10
  -2.2305294e-10
   1.0827691e-10
   5.9766855e-11
  -2.9012711e-11
  -1.6014480e-11
   7.7739325e-12
   4.2910671e-12
  -2.0830189e-12
  -1.1497880e-12
   5.5814324e-13
   3.0808476e-13
  -1.4955403e-13
  -8.2551062e-14
   4.0072882e-14
   2.2119490e-14
  -1.0737496e-14
  -5.9268996e-15
   2.8771035e-15
   1.5881080e-15
  -7.7091755e-16
  -4.2553224e-16
   2.0656674e-16
   1.1402102e-16
  -5.5349391e-17
  -3.0551843e-17
   1.4830828e-17
   8.1863486e-18
  -3.9739230e-18
  -2.1935518e-18
   1.0648636e-18
   5.8785843e-19
  -2.8553124e-19
  -1.5788198e-19
   7.7261394e-20
   4.3669484e-20
  -2.3514337e-20
  -1.6795955e-20
   1.6795955e-20
   2.3514337e-20
  -5.0387866e-20
  -2.5865771e-19
  -6.5504225e-19
  -1.2932886e-18
  -2.2271437e-18
  -3.5103546e-18
  -5.1966686e-18
  -7.3398324e-18
  -9.9935934e-18
  -1.3211698e-17
  -1.7047895e-17
  -2.1555929e-17
  -2.6789549e-17
  -3.2802501e-17
  -3.9648532e-17
  -4.7381390e-17
  -5.6054821e-17
  -6.5722573e-17
  -7.6438392e-17
  -8.8256026e-17
  -1.0122922e-16
  -1.1541173e-16
  -1.3085729e-16
  -1.4761965e-16
  -1.6575256e-16
  -1.8530977e-16
  -2.0634503e-16
  -2.2891207e-16
  -2.5306466e-16
  -2.7885653e-16
  -3.0634143e-16
  -3.3557311e-16
  -3.6660532e-16
  -3.9949180e-16
  -4.3428630e-16
  -4.7104257e-16
  -5.0981435e-16
  -5.5065539e-16
  -5.9361945e-16
  -6.3876026e-16
  -6.8613157e-16
  -7.3578713e-16
  -7.8778069e-16
  -8.4216599e-16
  -8.9899679e-16
  -9.5832682e-16
  -1.0202098e-15
  -1.0846996e-15
  -1.1518498e-15
  -1.2217143e-15
  -1.2943467e-15
  -1.3698008e-15
  -1.4481305e-15
  -1.5293893e-15
  -1.6136311e-15
  -1.7009096e-15
  -1.7912786e-15
  -1.8847917e-15
  -1.9815028e-15
  -2.0814656e-15
  -2.1847339e-15
  -2.2913613e-15
  -2.4014017e-15
  -2.5149088e-15
  -2.6319363e-15
  -2.7525379e-15
