   1.7059175e-06
   1.6311732e-06
   1.5586440e-06
   1.4882967e-06
   1.4200979e-06
   1.3540143e-06
   1.2900126e-06
   1.2280595e-06
   1.1681216e-06
   1.1101657e-06
   1.0541585e-06
   1.0000667e-06
   9.4785683e-07
   8.9749573e-07
   8.4895003e-07
   8.0218645e-07
   7.5717165e-07
   7.1387234e-07
   6.7225521e-07
   6.3228693e-07
   5.9393421e-07
   5.5716373e-07
   5.2194219e-07
   4.8823626e-07
   4.5601265e-07
   4.2523803e-07
   3.9587911e-07
   3.6790257e-07
   3.4127509e-07
   3.1596338e-07
   2.9193412e-07
   2.6915399e-07
   2.4758969e-07
   2.2720792e-07
   2.0797534e-07
   1.8985867e-07
   1.7282458e-07
   1.5683977e-07
   1.4187092e-07
   1.2788474e-07
   1.1484789e-07
   1.0272708e-07
   9.1488998e-08
   8.1100328e-08
   7.1527762e-08
   6.2737990e-08
   5.4697701e-08
   4.7373584e-08
   4.0732330e-08
   3.4740628e-08
   2.9365168e-08
   2.4572640e-08
   2.0329732e-08
   1.6603135e-08
   1.3359538e-08
   1.0565631e-08
   8.1881040e-09
   6.1936459e-09
   4.5489467e-09
   3.2206959e-09
   2.1755832e-09
   1.3802982e-09
   8.0153065e-10
   4.0597007e-10
   1.6030613e-10
   3.1228467e-11
  -1.4573285e-11
  -1.0409489e-11
   1.0409489e-11
   1.4573285e-11
  -2.7064671e-11
  -4.7883649e-11
   9.7849196e-11
   1.7696131e-10
  -3.6433211e-10
  -6.5996160e-10
   1.3594793e-09
   2.4628851e-09
  -5.3860849e-09
  -1.7629079e-08
  -1.7627640e-08
  -5.3840701e-09
   2.4591434e-09
   1.3528593e-09
  -6.4643388e-10
  -3.3986709e-10
   1.2659214e-10
   6.6090392e-12
   1.4006532e-10
   3.1343093e-10
  -6.8685341e-10
  -1.2603328e-09
   2.7635983e-09
   8.9466501e-09
   8.5387101e-09
   2.1924823e-09
  -1.9968877e-10
   1.1896706e-09
  -3.6774550e-09
  -1.1013665e-08
  -3.6842411e-09
   1.4583738e-08
   1.9508169e-08
   7.2099632e-09
  -5.4421869e-09
  -1.4204841e-08
  -2.7270672e-08
  -2.7734351e-08
   2.2181125e-08
   5.0610995e-08
  -1.0661008e-07
  -1.9392838e-07
   4.0004044e-07
   7.2494626e-07
  -1.4937079e-06
  -2.7100754e-06
   5.5557288e-06
   1.0074418e-05
  -2.0785145e-05
  -3.7651659e-05
   7.7506412e-05
   1.4044816e-04
  -2.8928035e-04
  -5.2410549e-04
   1.1461848e-03
   3.7516421e-03
   3.7516353e-03
   1.1461673e-03
  -5.2412542e-04
  -2.8929849e-04
   1.4042298e-04
   7.7472631e-05
  -3.7669140e-05
  -2.0767504e-05
   1.0107804e-05
   5.5762915e-06
  -2.7098898e-06
  -1.5048494e-06
   7.2159849e-07
   4.1513719e-07
  -1.7541041e-07
  -1.0116815e-07
   4.9261899e-08
   2.7191658e-08
  -1.3199686e-08
  -7.2859828e-09
   3.5368452e-09
   1.9522732e-09
  -9.4769482e-10
  -5.2311003e-10
   2.5393406e-10
   1.4016691e-10
  -6.8041426e-11
  -3.7557610e-11
   1.8231645e-11
   1.0063531e-11
  -4.8851546e-12
  -2.6965151e-12
   1.3089732e-12
   7.2252904e-13
  -3.5073832e-13
  -1.9360107e-13
   9.3980050e-14
   5.1875251e-14
  -2.5181879e-14
  -1.3899932e-14
   6.7474640e-15
   3.7244755e-15
  -1.8079775e-15
  -9.9797020e-16
   4.8444613e-16
   2.6740533e-16
  -1.2980698e-16
  -7.1651103e-17
   3.4781803e-17
   1.9199085e-17
  -9.3202296e-18
  -5.1452372e-18
   2.4991152e-18
   1.3818637e-18
  -6.7623117e-19
  -3.8221762e-19
   2.0580949e-19
   1.4700678e-19
  -1.4700678e-19
  -2.0580949e-19
   4.4102033e-19
   2.2639044e-18
   5.7332643e-18
   1.1319522e-17
   1.9493099e-17
   3.0724416e-17
   4.5483897e-17
   6.4241961e-17
   8.7469032e-17
   1.1563553e-16
   1.4921188e-16
   1.8866850e-16
   2.3447581e-16
   2.8710423e-16
   3.4702420e-16
   4.1470612e-16
   4.9062041e-16
   5.7523751e-16
   6.6902784e-16
   7.7246181e-16
   8.8600984e-16
   1.0101424e-15
   1.1453298e-15
   1.2920426e-15
   1.4507511e-15
   1.6219258e-15
   1.8060370e-15
   2.0035554e-15
   2.2149511e-15
   2.4406947e-15
   2.6812566e-15
   2.9371072e-15
   3.2087169e-15
   3.4965562e-15
   3.8010954e-15
   4.1228050e-15
   4.4621555e-15
   4.8196172e-15
   5.1956605e-15
   5.5907559e-15
   6.0053738e-15
   6.4399846e-15
   6.8950588e-15
   7.3710668e-15
   7.8684789e-15
   8.3877656e-15
   8.9293974e-15
   9.4938446e-15
   1.0081578e-14
   1.0693067e-14
   1.1328783e-14
   1.1989196e-14
   1.2674777e-14
   1.3385996e-14
   1.4123323e-14
   1.4887229e-14
   1.5678184e-14
   1.6496659e-14
   1.7343124e-14
   1.8218050e-14
   1.9121906e-14
   2.0055164e-14
   2.1018294e-14
   2.2011766e-14
   2.3036050e-14
   2.4091617e-14
