   1.2726359e-04
   1.2168757e-04
   1.1627681e-04
   1.1102881e-04
   1.0594109e-04
   1.0101117e-04
   9.6236563e-05
   9.1614783e-05
   8.7143344e-05
   8.2819763e-05
   7.8641555e-05
   7.4606233e-05
   7.0711314e-05
   6.6954312e-05
   6.3332742e-05
   5.9844119e-05
   5.6485959e-05
   5.3255776e-05
   5.0151085e-05
   4.7169402e-05
   4.4308240e-05
   4.1565116e-05
   3.8937544e-05
   3.6423040e-05
   3.4019118e-05
   3.1723293e-05
   2.9533080e-05
   2.7445995e-05
   2.5459552e-05
   2.3571266e-05
   2.1778653e-05
   2.0079227e-05
   1.8470503e-05
   1.6949997e-05
   1.5515223e-05
   1.4163696e-05
   1.2892931e-05
   1.1700444e-05
   1.0583750e-05
   9.5403624e-06
   8.5677974e-06
   7.6635698e-06
   6.8251945e-06
   6.0501867e-06
   5.3360612e-06
   4.6803331e-06
   4.0805174e-06
   3.5341291e-06
   3.0386831e-06
   2.5916946e-06
   2.1906785e-06
   1.8331499e-06
   1.5166236e-06
   1.2386148e-06
   9.9663837e-07
   7.8820940e-07
   6.1084287e-07
   4.6205379e-07
   3.3935715e-07
   2.4026797e-07
   1.6230125e-07
   1.0297199e-07
   5.9795196e-08
   3.0285879e-08
   1.1959039e-08
   2.3296830e-09
  -1.0871854e-09
  -7.7656099e-10
   7.7656099e-10
   1.0871854e-09
  -2.1753086e-09
  -7.7909305e-09
  -1.1137827e-08
  -1.0860963e-08
  -9.0546346e-09
  -8.6089666e-09
  -1.2643635e-08
  -1.4703170e-08
   2.5417465e-10
   2.4296648e-08
   2.7408186e-08
   8.6103285e-09
  -3.9494204e-09
  -2.1754620e-09
   1.0457450e-09
   5.6026938e-10
  -2.3355957e-10
  -6.5615554e-11
  -1.1150669e-10
  -2.9780716e-10
   6.7958634e-10
   1.2568442e-09
  -2.7630887e-09
  -8.9483197e-09
  -8.5334817e-09
  -2.1823155e-09
   1.7826548e-10
  -1.2286683e-09
   3.7579198e-09
   1.1159489e-08
   3.3838053e-09
  -1.5128037e-08
  -1.8386891e-08
  -5.1785903e-09
   9.4500927e-10
  -1.8138518e-09
   6.3256041e-09
   1.6340247e-08
  -7.3411755e-09
  -2.6828388e-08
   5.9757848e-08
   1.0987956e-07
  -2.2747147e-07
  -4.1253358e-07
   8.5028427e-07
   1.5444735e-06
  -3.1546031e-06
  -5.7244230e-06
   1.1824066e-05
   2.1417281e-05
  -4.4063222e-05
  -7.9860639e-05
   1.6446867e-04
   2.9798981e-04
  -6.5168941e-04
  -2.1330862e-03
  -2.1330887e-03
  -6.5169282e-04
   2.9799645e-04
   1.6448831e-04
  -7.9847291e-05
  -4.4073391e-05
   2.1392555e-05
   1.1801033e-05
  -5.7418348e-06
  -3.1674602e-06
   1.5380658e-06
   8.4990157e-07
  -4.1480332e-07
  -2.3652105e-07
   1.0224124e-07
   5.9463895e-08
  -3.1036656e-08
  -2.4459527e-08
  -1.2196198e-09
   1.4992144e-09
  -8.0361451e-10
  -4.4358036e-10
   2.1532786e-10
   1.1885700e-10
  -5.7696926e-11
  -3.1847637e-11
   1.5459845e-11
   8.5335486e-12
  -4.1424529e-12
  -2.2865575e-12
   1.1099669e-12
   6.1268122e-13
  -2.9741474e-13
  -1.6416744e-13
   7.9692038e-14
   4.3988533e-14
  -2.1353417e-14
  -1.1786692e-14
   5.7216309e-15
   3.1582346e-15
  -1.5331064e-15
  -8.4624640e-16
   4.1079462e-16
   2.2675104e-16
  -1.1007209e-16
  -6.0757762e-17
   2.9493735e-17
   1.6280007e-17
  -7.9028513e-18
  -4.3622670e-18
   2.1176702e-18
   1.1690608e-18
  -5.6782955e-19
  -3.1397634e-19
   1.5364800e-19
   8.6844520e-20
  -4.6762434e-20
  -3.3401738e-20
   3.3401738e-20
   4.6762434e-20
  -1.0020521e-19
  -5.1438677e-19
  -1.3026678e-18
  -2.5719338e-18
  -4.4290705e-18
  -6.9809633e-18
  -1.0334498e-17
  -1.4596560e-17
  -1.9874034e-17
  -2.6273807e-17
  -3.3902764e-17
  -4.2867791e-17
  -5.3275773e-17
  -6.5233595e-17
  -7.8848143e-17
  -9.4226304e-17
  -1.1147496e-16
  -1.3070100e-16
  -1.5201131e-16
  -1.7551277e-16
  -2.0131228e-16
  -2.2951670e-16
  -2.6023294e-16
  -2.9356788e-16
  -3.2962839e-16
  -3.6852138e-16
  -4.1035372e-16
  -4.5523229e-16
  -5.0326399e-16
  -5.5455570e-16
  -6.0921430e-16
  -6.6734669e-16
  -7.2905974e-16
  -7.9446035e-16
  -8.6365539e-16
  -9.3675175e-16
  -1.0138563e-15
  -1.0950760e-15
  -1.1805176e-15
  -1.2702881e-15
  -1.3644944e-15
  -1.4632433e-15
  -1.5666417e-15
  -1.6747966e-15
  -1.7878147e-15
  -1.9058030e-15
  -2.0288683e-15
  -2.1571177e-15
  -2.2906578e-15
  -2.4295957e-15
  -2.5740382e-15
  -2.7240921e-15
  -2.8798645e-15
  -3.0414621e-15
  -3.2089918e-15
  -3.3825606e-15
  -3.5622753e-15
  -3.7482429e-15
  -3.9405701e-15
  -4.1393639e-15
  -4.3447311e-15
  -4.5567787e-15
  -4.7756135e-15
  -5.0013425e-15
  -5.2340724e-15
  -5.4739103e-15
