   1.1879971e+00
   1.1390620e+00
   1.0915170e+00
   1.0453425e+00
   1.0005192e+00
   9.5702742e-01
   9.1484773e-01
   8.7396061e-01
   8.3434655e-01
   7.9598605e-01
   7.5885960e-01
   7.2294770e-01
   6.8823084e-01
   6.5468952e-01
   6.2230423e-01
   5.9105547e-01
   5.6092374e-01
   5.3188952e-01
   5.0393331e-01
   4.7703562e-01
   4.5117692e-01
   4.2633772e-01
   4.0249851e-01
   3.7963979e-01
   3.5774206e-01
   3.3678580e-01
   3.1675151e-01
   2.9761968e-01
   2.7937082e-01
   2.6198542e-01
   2.4544397e-01
   2.2972696e-01
   2.1481490e-01
   2.0068827e-01
   1.8732757e-01
   1.7471330e-01
   1.6282595e-01
   1.5164602e-01
   1.4115399e-01
   1.3133037e-01
   1.2215566e-01
   1.1361034e-01
   1.0567490e-01
   9.8329858e-02
   9.1555693e-02
   8.5332903e-02
   7.9641983e-02
   7.4463428e-02
   6.9777733e-02
   6.5565393e-02
   6.1806902e-02
   5.8482757e-02
   5.5573451e-02
   5.3059479e-02
   5.0921337e-02
   4.9139520e-02
   4.7694521e-02
   4.6566837e-02
   4.5736962e-02
   4.5185391e-02
   4.4892619e-02
   4.4839141e-02
   4.5005451e-02
   4.5372045e-02
   4.5919418e-02
   4.6628065e-02
   4.7478479e-02
   4.8451158e-02
   4.9529023e-02
   5.0731581e-02
   5.2100737e-02
   5.3674345e-02
   5.5523247e-02
   5.7728294e-02
   6.0431298e-02
   6.3827819e-02
   6.8244738e-02
   7.4250578e-02
   8.4949703e-02
   1.0267290e-01
   2.9952244e-02
  -3.0582036e-01
  -3.8122315e-01
  -3.7633971e-01
  -3.7201590e-01
  -3.6824247e-01
  -3.6460822e-01
  -3.6110563e-01
  -3.5772036e-01
  -3.5444658e-01
  -3.5127378e-01
  -3.4819734e-01
  -3.4520920e-01
  -3.4230563e-01
  -3.3947898e-01
  -3.3672623e-01
  -3.3404123e-01
  -3.3142153e-01
  -3.2885859e-01
  -3.2635056e-01
  -3.2389225e-01
  -3.2148222e-01
  -3.1909866e-01
  -3.1674077e-01
  -3.1453851e-01
  -3.1248250e-01
  -3.1022105e-01
  -3.0773646e-01
  -3.0538798e-01
  -3.0316942e-01
  -3.0094107e-01
  -2.9870294e-01
  -2.9645489e-01
  -2.9419687e-01
  -2.9192322e-01
  -2.8963377e-01
  -2.8732442e-01
  -2.8499491e-01
  -2.8264358e-01
  -2.8027010e-01
  -2.7787437e-01
  -2.7545605e-01
  -2.7301670e-01
  -2.7055602e-01
  -2.6829498e-01
  -2.6623322e-01
  -2.2161414e-01
  -4.0834360e-02
   8.4375000e-09
   1.5625000e-09
   6.2500000e-09
   3.3750000e-08
   3.2187500e-08
  -2.1875000e-09
  -8.9062500e-09
  -2.9687500e-09
   2.9687500e-09
   8.9062500e-09
   6.8750000e-09
  -6.8750000e-09
  -8.4375000e-09
  -1.5625000e-09
   0.0000000e+00
   0.0000000e+00
   0.0000000e+00
   0.0000000e+00
   0.0000000e+00
   0.0000000e+00
   0.0000000e+00
   0.0000000e+00
   0.0000000e+00
   0.0000000e+00
   0.0000000e+00
   0.0000000e+00
   0.0000000e+00
   0.0000000e+00
   0.0000000e+00
   0.0000000e+00
   0.0000000e+00
   0.0000000e+00
   0.0000000e+00
   0.0000000e+00
   0.0000000e+00
   0.0000000e+00
   0.0000000e+00
   0.0000000e+00
   0.0000000e+00
   0.0000000e+00
   0.0000000e+00
   0.0000000e+00
   0.0000000e+00
   0.0000000e+00
   0.0000000e+00
   0.0000000e+00
   0.0000000e+00
   0.0000000e+00
   0.0000000e+00
   0.0000000e+00
   0.0000000e+00
   0.0000000e+00
   0.0000000e+00
   0.0000000e+00
   0.0000000e+00
   0.0000000e+00
   0.0000000e+00
   0.0000000e+00
   0.0000000e+00
   0.0000000e+00
   0.0000000e+00
   0.0000000e+00
   0.0000000e+00
   0.0000000e+00
   0.0000000e+00
   0.0000000e+00
   0.0000000e+00
   0.0000000e+00
   0.0000000e+00
   0.0000000e+00
   0.0000000e+00
   0.0000000e+00
   0.0000000e+00
   0.0000000e+00
   0.0000000e+00
   0.0000000e+00
   0.0000000e+00
   0.0000000e+00
   0.0000000e+00
   0.0000000e+00
   0.0000000e+00
   0.0000000e+00
   0.0000000e+00
   0.0000000e+00
   0.0000000e+00
   0.0000000e+00
   0.0000000e+00
   0.0000000e+00
   0.0000000e+00
   0.0000000e+00
   0.0000000e+00
   0.0000000e+00
   0.0000000e+00
   0.0000000e+00
   0.0000000e+00
   0.0000000e+00
   0.0000000e+00
   0.0000000e+00
   0.0000000e+00
   0.0000000e+00
   0.0000000e+00
   0.0000000e+00
   0.0000000e+00
   0.0000000e+00
   0.0000000e+00
   0.0000000e+00
   0.0000000e+00
   0.0000000e+00
   0.0000000e+00
   0.0000000e+00
   0.0000000e+00
   0.0000000e+00
   0.0000000e+00
   0.0000000e+00
   0.0000000e+00
   0.0000000e+00
   0.0000000e+00
   0.0000000e+00
   0.0000000e+00
   0.0000000e+00
   0.0000000e+00
   0.0000000e+00
   0.0000000e+00
   0.0000000e+00
