  -0.0000000e+00
  -0.0000000e+00
  -0.0000000e+00
  -0.0000000e+00
  -0.0000000e+00
  -0.0000000e+00
  -0.0000000e+00
  -0.0000000e+00
  -0.0000000e+00
  -0.0000000e+00
  -0.0000000e+00
  -0.0000000e+00
  -0.0000000e+00
  -0.0000000e+00
  -0.0000000e+00
  -0.0000000e+00
  -0.0000000e+00
  -0.0000000e+00
  -0.0000000e+00
  -0.0000000e+00
  -0.0000000e+00
  -0.0000000e+00
  -0.0000000e+00
  -0.0000000e+00
  -0.0000000e+00
  -0.0000000e+00
  -0.0000000e+00
  -0.0000000e+00
  -0.0000000e+00
  -0.0000000e+00
  -0.0000000e+00
  -0.0000000e+00
  -0.0000000e+00
  -0.0000000e+00
  -0.0000000e+00
  -0.0000000e+00
  -0.0000000e+00
  -0.0000000e+00
  -0.0000000e+00
  -0.0000000e+00
  -0.0000000e+00
  -0.0000000e+00
  -0.0000000e+00
  -0.0000000e+00
  -0.0000000e+00
  -0.0000000e+00
  -0.0000000e+00
  -0.0000000e+00
  -0.0000000e+00
  -0.0000000e+00
  -0.0000000e+00
  -0.0000000e+00
  -0.0000000e+00
  -0.0000000e+00
  -0.0000000e+00
  -0.0000000e+00
  -0.0000000e+00
  -0.0000000e+00
  -0.0000000e+00
  -0.0000000e+00
  -0.0000000e+00
  -0.0000000e+00
  -0.0000000e+00
  -0.0000000e+00
  -0.0000000e+00
  -0.0000000e+00
  -0.0000000e+00
  -0.0000000e+00
  -0.0000000e+00
  -0.0000000e+00
  -0.0000000e+00
  -0.0000000e+00
  -0.0000000e+00
  -0.0000000e+00
   0.0000000e+00
   0.0000000e+00
   0.0000000e+00
   0.0000000e+00
   1.3567805e-02
   7.3266145e-02
   7.3705897e-02
   1.5942463e-02
   4.8354396e-03
   1.5748189e-02
   2.5604021e-02
   3.4408264e-02
   4.3036482e-02
   5.1493969e-02
   5.9765969e-02
   6.7858492e-02
   7.5763101e-02
   8.3486238e-02
   9.1024455e-02
   9.8384294e-02
   1.0556563e-01
   1.1257486e-01
   1.1941398e-01
   1.2608909e-01
   1.3260249e-01
   1.3895999e-01
   1.4516446e-01
   1.5122137e-01
   1.5713425e-01
   1.6290835e-01
   1.6850576e-01
   1.7393358e-01
   1.7929650e-01
   1.8459625e-01
   1.8973286e-01
   1.9471290e-01
   1.9957705e-01
   2.0432943e-01
   2.0897363e-01
   2.1351329e-01
   2.1795727e-01
   2.2230856e-01
   2.2657823e-01
   2.3076855e-01
   2.3489245e-01
   2.3895151e-01
   2.4295918e-01
   2.4691644e-01
   2.5119775e-01
   2.5580366e-01
   2.1659398e-01
   4.0347832e-02
   4.2043900e-02
   2.2740190e-01
   2.7478911e-01
   2.7788998e-01
   2.8131042e-01
   2.8505052e-01
   2.8877442e-01
   2.9248225e-01
   2.9616797e-01
   2.9983177e-01
   3.0346469e-01
   3.0706712e-01
   3.1062835e-01
   3.1414909e-01
   3.1761694e-01
   3.2103307e-01
   3.2438406e-01
   3.2767174e-01
   3.3088200e-01
   3.3401755e-01
   3.3706340e-01
   3.4002337e-01
   3.4288217e-01
   3.4564492e-01
   3.4829551e-01
   3.5084065e-01
   3.5326332e-01
   3.5557219e-01
   3.5774887e-01
   3.5980446e-01
   3.6171861e-01
   3.6350552e-01
   3.6514206e-01
   3.6664660e-01
   3.6799188e-01
   3.6920224e-01
   3.7024402e-01
   3.7115084e-01
   3.7187826e-01
   3.7247684e-01
   3.7287339e-01
   3.7316088e-01
   3.7319741e-01
   3.7312439e-01
   3.7296019e-01
   3.7253075e-01
   3.7198046e-01
   3.7123681e-01
   3.7035381e-01
   3.6928603e-01
   3.6807270e-01
   3.6668115e-01
   3.6514196e-01
   3.6342999e-01
   3.6157052e-01
   3.5954346e-01
   3.5737066e-01
   3.5503570e-01
   3.5255938e-01
   3.4992813e-01
   3.4714954e-01
   3.4423713e-01
   3.4120445e-01
   3.3806503e-01
   3.3483242e-01
   3.3152014e-01
   3.2814174e-01
   3.2471075e-01
   3.2124072e-01
   3.1774518e-01
   3.1423767e-01
   3.1073172e-01
   3.0724088e-01
   3.0377869e-01
   3.0035867e-01
   2.9699438e-01
   2.9369934e-01
   2.9048710e-01
   2.8737120e-01
   2.8436516e-01
   2.8148254e-01
   2.7873686e-01
   2.7614167e-01
   2.7371051e-01
   2.7145690e-01
   2.6939440e-01
   2.6753653e-01
   2.6589685e-01
   2.6448887e-01
   2.6332615e-01
   2.6242222e-01
   2.6179062e-01
   2.6144488e-01
   2.6139855e-01
   2.6166516e-01
   2.6225825e-01
   2.6319137e-01
   2.6447804e-01
   2.6613180e-01
   2.6816620e-01
   2.7059476e-01
   2.7343104e-01
   2.7668857e-01
   2.8038088e-01
   2.8452151e-01
   2.8912400e-01
   2.9420190e-01
   2.9976873e-01
   3.0583804e-01
   3.1242336e-01
   3.1953823e-01
   3.2719620e-01
   3.3541079e-01
   3.4419554e-01
   3.5356400e-01
   3.6352971e-01
   3.7410619e-01
   3.8530699e-01
   3.9714565e-01
   4.0963570e-01
   4.2279068e-01
   4.3662414e-01
   4.5114960e-01
   4.6638061e-01
   4.8233070e-01
   4.9901342e-01
