 0.27655603 
 0.29345077 
 0.30018055 
 0.29731074 
 0.28575952 
 0.26668835 
 0.24135001 
-0.09274939 
 0.47994951 
 0.44990817 
 0.41608099 
 0.38221135 
 0.34930355 
 0.31773127 
 0.28764484 
 0.25909987 
 0.23211282 
 0.20667885 
 0.18278911 
 0.16042418 
 0.13930509 
 0.12018381 
 0.10223830 
 0.08567161 
 0.07040758 
 0.05635214 
 0.04339457 
 0.03141235 
 0.02027516 
 0.00984918 
-0.37378468 
 0.35238616 
 0.33050203 
 0.30813244 
 0.28525805 
 0.26185259 
 0.23788273 
 0.21331330 
 0.18810885 
 0.16223782 
 0.13567579 
 0.10840700 
 0.08042869 
 0.05175115 
 0.02239946 
-0.00758646 
-0.03815229 
-0.06923072 
-0.10074359 
-0.13260474 
-0.16472312 
-0.19700539 
-0.22935776 
-0.26168642 
-0.29389695 
-0.32589261 
-0.35757258 
-0.38883013 
-0.41955124 
-0.44961363 
-0.47888616 
