       0.057448513517826
       0.053682444298324
       0.050044038442195
       0.046533295949439
       0.043150216820056
       0.039894801054046
       0.036767048651409
       0.033766959612144
       0.030894533936253
       0.028149771623735
       0.025532672674589
       0.023043237088817
       0.020681464866417
       0.018447356007391
       0.016340910511737
       0.014362128379457
       0.012511009610549
       0.010787554205014
       0.009191762162852
       0.007723633484063
       0.006383168168647
       0.005170366216604
       0.004085227627934
       0.003127752402637
       0.002297940540713
       0.001595792042162
       0.001021306906984
       0.000574485135178
       0.000255326726746
       0.000063831681686
       0.000000000000000
       0.000063831681686
       0.000255326726746
       0.000574485135178
       0.001021306906984
       0.001595792042162
       0.002297940540713
       0.003127752402637
       0.004085227627934
       0.005170366216604
       0.006383168168647
       0.007723633484063
       0.009191762162852
       0.010787554205014
       0.012511009610549
       0.014362128379457
       0.016340910511737
       0.018447356007391
       0.020681464866417
       0.023043237088817
       0.025532672674589
       0.028149771623735
       0.030894533936253
       0.033766959612144
       0.036767048651409
       0.039894801054046
       0.043150216820056
       0.046533295949439
       0.050044038442195
       0.053682444298324
       0.057448513517826
