     0.0000105622979213     0.0000138023180990
     0.0000577094085862     0.0000836153544181
     0.0002513249266709     0.0004100594008410
     0.0009363743749785     0.0017320501847427
     0.0029693169940860     0.0062945534947495
     0.0079532915246745     0.0196415977735668
     0.0177581823070191     0.0524143365654873
     0.0322616291990397     0.1187868805169571
     0.0452854380418089     0.2259124778538655
     0.0422334128883553     0.3527063160787059
     0.0062398921594940     0.4314107378035503
    -0.0646668202828503     0.3618294410253826
    -0.1415365969467017     0.0773832536262409
    -0.1722170005129232    -0.3705293305519836
    -0.1195157601121144    -0.7938403434936021
     0.0000000000000000    -0.9685054937401018
     0.1195157601121144    -0.7938403434936021
     0.1722170005129232    -0.3705293305519836
     0.1415365969467014     0.0773832536262384
     0.0646668202828503     0.3618294410253826
    -0.0062398921594940     0.4314107378035503
    -0.0422334128883553     0.3527063160787059
    -0.0452854380418089     0.2259124778538655
    -0.0322616291990397     0.1187868805169571
    -0.0177581823070191     0.0524143365654873
    -0.0079532915246745     0.0196415977735668
    -0.0029693169940860     0.0062945534947495
    -0.0009363743749785     0.0017320501847427
    -0.0002513249266709     0.0004100594008410
    -0.0000576610279671     0.0000835625585923
    -0.0000113299324519     0.0000146406313537
    -0.0000019063371291     0.0000021987235184
    -0.0000002739778082     0.0000002813995350
    -0.0000000334401345     0.0000000303694192
    -0.0000000034269643     0.0000000027086577
    -0.0000000002881413     0.0000000001910291
    -0.0000000000188303     0.0000000000093642
    -0.0000000000008001     0.0000000000001218
     0.0000000000000023    -0.0000000000000342
     0.0000000000000044    -0.0000000000000046
     0.0000000000000005    -0.0000000000000004
     0.0000000000000000    -0.0000000000000000
     0.0000000000000000    -0.0000000000000000
     0.0000000000000000    -0.0000000000000000
     0.0000000000000000    -0.0000000000000000
     0.0000000000000000    -0.0000000000000000
     0.0000000000000000    -0.0000000000000000
     0.0000000000000000    -0.0000000000000000
     0.0000000000000000    -0.0000000000000000
     0.0000000000000000    -0.0000000000000000
     0.0000000000000000    -0.0000000000000000
     0.0000000000000000    -0.0000000000000000
     0.0000000000000000     0.0000000000000000
     0.0000000000000000     0.0000000000000000
     0.0000000000000000     0.0000000000000000
     0.0000000000000000     0.0000000000000000
     0.0000000000000000     0.0000000000000000
     0.0000000000000000     0.0000000000000000
     0.0000000000000000     0.0000000000000000
     0.0000000000000000     0.0000000000000000
     0.0000000000000000     0.0000000000000000
