     0.0000003040872550     0.0000001645989260
     0.0000019037877456     0.0000009413400362
     0.0000104024039978     0.0000048518267033
     0.0000501426471334     0.0000220127160429
     0.0002132576859402     0.0000877175606381
     0.0008003729269834     0.0003063235172686
     0.0026508230706051     0.0009352602832180
     0.0077471271190291     0.0024897582286516
     0.0199763272060923     0.0057590664361232
     0.0454391699695907     0.0115199741475873
     0.0911585372395491     0.0197869702241230
     0.1612578513765316     0.0288492871863340
     0.2514778825704560     0.0349644913340472
     0.3456436816377493     0.0336759835588916
     0.4185983507268020     0.0226098851258855
     0.4465718549502519     0.0038733097726838
     0.4195541126644344    -0.0162600190296844
     0.3470210367426184    -0.0307114601764409
     0.2526100832824696    -0.0355825760241642
     0.1617753638550646    -0.0317431174186879
     0.0911088363082672    -0.0232380676940551
     0.0451013962753772    -0.0143418831124332
     0.0196140174657762    -0.0075666917397728
     0.0074889725569658    -0.0034402315507736
     0.0025087182214445    -0.0013546070212752
     0.0007367361993434    -0.0004634247524947
     0.0001895067075444    -0.0001380388051422
     0.0000426570337007    -0.0000358486599824
     0.0000083950389234    -0.0000081238252176
     0.0000014434852922    -0.0000016071780525
     0.0000002168015861    -0.0000002776267863
     0.0000000284664850    -0.0000000418742505
     0.0000000032770422    -0.0000000055140330
     0.0000000003329375    -0.0000000006338287
     0.0000000000302251    -0.0000000000635970
     0.0000000000025010    -0.0000000000055707
     0.0000000000001934    -0.0000000000004261
     0.0000000000000143    -0.0000000000000284
     0.0000000000000010    -0.0000000000000017
     0.0000000000000001    -0.0000000000000001
     0.0000000000000000    -0.0000000000000000
     0.0000000000000000    -0.0000000000000000
     0.0000000000000000    -0.0000000000000000
     0.0000000000000000     0.0000000000000000
     0.0000000000000000     0.0000000000000000
     0.0000000000000000     0.0000000000000000
     0.0000000000000000     0.0000000000000000
    -0.0000000000000000     0.0000000000000000
    -0.0000000000000000     0.0000000000000000
    -0.0000000000000000     0.0000000000000000
    -0.0000000000000000     0.0000000000000000
    -0.0000000000000000    -0.0000000000000000
    -0.0000000000000000    -0.0000000000000000
    -0.0000000000000000    -0.0000000000000000
    -0.0000000000000000    -0.0000000000000000
    -0.0000000000000000    -0.0000000000000000
    -0.0000000000000000    -0.0000000000000000
    -0.0000000000000000    -0.0000000000000000
    -0.0000000000000000    -0.0000000000000000
    -0.0000000000000000    -0.0000000000000000
    -0.0000000000000000    -0.0000000000000000
